-1.840924289807764279e-07
-1.893524224384787905e-07
-1.833463918298548230e-07
-1.879604283316569824e-07
-1.916871744198711453e-07
-1.896228902462276616e-07
-1.890481596107788692e-07
-1.863283730710872425e-07
-1.870725930208609951e-07
-1.863641207533563962e-07
-1.847049217819579105e-07
-1.854700409694274796e-07
-1.804630903395875804e-07
-1.875170945619528860e-07
-1.876964158991091271e-07
-1.889506343018502011e-07
-1.831777689260035293e-07
-1.855940622536550282e-07
-1.907774355951524584e-07
-1.838922313210017509e-07
-1.855702755709021702e-07
-1.850907437969161455e-07
-1.842888404907945721e-07
-1.822311412067328377e-07
-1.801108617150817471e-07
-1.814449804188816960e-07
-1.873303566348429800e-07
-1.826156177522828484e-07
-1.903964691184077551e-07
-1.820433102899572686e-07
-1.907431723136687061e-07
-1.844984703888863254e-07
-1.834215499691188150e-07
-1.877095341980978271e-07
-1.824539927727575525e-07
-1.835142514419512676e-07
-1.857893207685053893e-07
-1.857289860671862668e-07
-1.807141847249502393e-07
-1.850396027379045907e-07
-1.824043713271549011e-07
-1.821067551743047845e-07
-1.757191503625854777e-07
-1.831822639952357145e-07
-1.853541862832009327e-07
-1.860584390046057302e-07
-1.833483423199535452e-07
-1.806685229529975907e-07
-1.802943178151038267e-07
-1.873787932760778591e-07
-1.811752171259872826e-07
-1.815603767161396819e-07
-1.790600618193124437e-07
-1.865569676508861963e-07
-1.824404896948468932e-07
-1.820065990449550803e-07
-1.818344484628216572e-07
-1.839351317276143358e-07
-1.832032745517417414e-07
-1.773263526681936555e-07
-1.805720449446010161e-07
-1.787208452312082272e-07
-1.807475747801791925e-07
-1.835680760024068747e-07
-1.856879245050745535e-07
-1.799204754743357919e-07
-1.802929333170159047e-07
-1.831280781798470270e-07
-1.780227594446271068e-07
-1.783594884446068124e-07
-1.775542453516504843e-07
-1.823211798389797246e-07
-1.776687659453431601e-07
-1.765051995002965810e-07
-1.827836198883105553e-07
-1.794663359217030289e-07
-1.857491658332071668e-07
-1.735633665638575589e-07
-1.794777154677129448e-07
-1.819786583234197527e-07
-1.772916150737020870e-07
-1.795986177562244568e-07
-1.764737084628040277e-07
-1.771296105278890248e-07
-1.833137104706201642e-07
-1.789440478489546029e-07
-1.752622692166403968e-07
-1.784065778642468188e-07
-1.808324576917131818e-07
-1.818954964853997755e-07
-1.778246889313394325e-07
-1.767977258352339381e-07
-1.724759472468213593e-07
-1.795286198573682713e-07
-1.757761540700622521e-07
-1.737400066590908032e-07
-1.789826527975411995e-07
-1.755863161534456329e-07
-1.762298284169698306e-07
-1.773879612459932877e-07
-1.774315698428733489e-07
-1.754752914909033690e-07
-1.751924366566884359e-07
-1.775763029885754731e-07
-1.713282058334364933e-07
-1.693967452707850441e-07
-1.781123059727777626e-07
-1.680913682943167690e-07
-1.724047083721129695e-07
-1.726358703946207550e-07
-1.713364001571751308e-07
-1.712282522433285484e-07
-1.688174136726786909e-07
-1.723895825919100807e-07
-1.681139418775796455e-07
-1.712131932156932586e-07
-1.713301499022252674e-07
-1.696865143877264596e-07
-1.679846739982205033e-07
-1.686765299913853685e-07
-1.690026245006285869e-07
-1.722360197703399875e-07
-1.690922796713309137e-07
-1.683155846962343842e-07
-1.657016066449595103e-07
-1.687233913861277614e-07
-1.707569272349311242e-07
-1.654516092854429060e-07
-1.696044685014214470e-07
-1.652990157793994094e-07
-1.713122321038103862e-07
-1.667983248553576597e-07
-1.685253965822178264e-07
-1.661803839120579819e-07
-1.700215522965570360e-07
-1.668066940544710687e-07
-1.640122956613548660e-07
-1.645675713446782738e-07
-1.662618728033747473e-07
-1.680500632289333282e-07
-1.725888736503747936e-07
-1.655763938104928949e-07
-1.616477260521388795e-07
-1.613299782814025321e-07
-1.643268183577883196e-07
-1.611299252808791761e-07
-1.662486082295236703e-07
-1.667647890805074909e-07
-1.618752185273331548e-07
-1.581020400367313535e-07
-1.655745382263751836e-07
-1.638584334148067445e-07
-1.648362854669901577e-07
-1.619037188736832784e-07
-1.667567843199953886e-07
-1.625132237466068507e-07
-1.656695341151651712e-07
-1.622052641700054090e-07
-1.685747408289277460e-07
-1.662478312712936050e-07
-1.630135643560984079e-07
-1.656252299896718258e-07
-1.742136281945105033e-07
-1.670155659579968062e-07
-1.656157783284468795e-07
-1.683924531324531282e-07
-1.680712253164779182e-07
-1.654499719949011464e-07
-1.704694548832799175e-07
-1.667199470579117944e-07
-1.663586298131387040e-07
-1.651891616083672392e-07
-1.652994244936136972e-07
-1.729885005882769029e-07
-1.673689484190512779e-07
-1.678691325079631785e-07
-1.665385415394239418e-07
-1.699630004550108771e-07
-1.627913030582611287e-07
-1.622673910858828099e-07
-1.662114997628871744e-07
-1.630115167187046718e-07
-1.688790804931149329e-07
-1.658285854512875330e-07
-1.678347524763255574e-07
-1.667165649496977376e-07
-1.673108309294262248e-07
-1.615742845525633321e-07
-1.636931757420915820e-07
-1.619195075117148861e-07
-1.678962970121093175e-07
-1.611798607084295180e-07
-1.647906434839882320e-07
-1.669686821158219905e-07
-1.627516179043102292e-07
-1.642413915528060312e-07
-1.638718831554159600e-07
-1.636708290632728305e-07
-1.616580913002531322e-07
-1.633637912267092840e-07
-1.605459947856599758e-07
-1.679290187256789672e-07
-1.632470820193897081e-07
-1.620762516184684771e-07
-1.653074624527418574e-07
-1.638891204036865633e-07
-1.647457156415010215e-07
-1.637098805434733487e-07
-1.618592253806595340e-07
-1.636928249868244117e-07
-1.648079098903792925e-07
-1.680062450129555189e-07
-1.630993905081091863e-07
-1.639580442004465012e-07
-1.637767764386536202e-07
-1.653001791052162278e-07
-1.659724890071896414e-07
-1.637065856328429333e-07
-1.672372127512815953e-07
-1.613281593679143671e-07
-1.622216386076919746e-07
-1.626062059525479171e-07
-1.638063689438120360e-07
-1.613627348103064209e-07
-1.633535213323390722e-07
-1.635954839128838647e-07
-1.613349999242844744e-07
-1.606054610319904285e-07
-1.607545358743819932e-07
-1.580228649264878881e-07
-1.597953968722559900e-07
-1.619616423558244622e-07
-1.628018848167944603e-07
-1.636802037121089259e-07
-1.619177674893226316e-07
-1.620224923444146917e-07
-1.653072828695320512e-07
-1.620919673572361514e-07
-1.651954232197338101e-07
-1.631157051329286175e-07
-1.497096540322391567e-07
-1.625033481762906126e-07
-1.641292286322798998e-07
-1.633050452433128048e-07
-1.625509705989926972e-07
-1.587571322565088659e-07
-1.628448244478879907e-07
-1.626078240622569409e-07
-1.588198685320648175e-07
-1.624753331536140515e-07
-1.631532875943931556e-07
-1.586550308175098156e-07
-1.646991637545746096e-07
-1.608111348868766950e-07
-1.606818368437599290e-07
-1.635967171040708733e-07
-1.651907826846340897e-07
-1.643549091143739382e-07
-1.596588773264657589e-07
-1.635668161234184897e-07
-1.658590807343271689e-07
-1.621524086447930375e-07
-1.604468015731092155e-07
-1.586254124695361624e-07
-1.663699890496302412e-07
-1.625811313302491370e-07
-1.609814478770275329e-07
-1.622876143118166836e-07
-1.628908425861918860e-07
-1.586351146194891470e-07
-1.602876713893978906e-07
-1.592785597868625538e-07
-1.570097870195486959e-07
-1.598361479174126567e-07
-1.600777410025643121e-07
-1.626883208999962003e-07
-1.543014857015339807e-07
-1.469890049820037115e-07
-1.618097189466324550e-07
-1.585265344601054161e-07
-1.609921111681060718e-07
-1.581312582596564788e-07
-1.560716880084408183e-07
-1.538570600764082268e-07
-1.543565677211795227e-07
-1.654428945236285886e-07
-1.560093138027876003e-07
-1.591884126536448646e-07
-1.610780930530795063e-07
-1.596461859967636579e-07
-1.585659177669017067e-07
-1.598196060871582985e-07
-1.574468005442703734e-07
-1.581020656036479488e-07
-1.541463570675417263e-07
-1.604479384764493048e-07
-1.592797600033912656e-07
-1.606682091415492742e-07
-1.591730322619943338e-07
-1.572876173136942967e-07
-1.579641852062027928e-07
-1.547748973163570697e-07
-1.611631063262723128e-07
-1.696460596976440077e-07
-1.575281908511990065e-07
-1.558729829183237894e-07
-1.558600622485995186e-07
-1.613114056784571857e-07
-1.585609110444967923e-07
-1.584481959455467003e-07
-1.564259135014165876e-07
-1.548193917568853950e-07
-1.561700611676463601e-07
-1.558269516245388761e-07
-1.549492129122909808e-07
-1.553114145357254955e-07
-1.550416422049384747e-07
-1.529495761677637958e-07
-1.553889634384804893e-07
-1.527831669408030338e-07
-1.628219117788480608e-07
-1.516172207290594732e-07
-1.505704308073330713e-07
-1.545213935768080303e-07
-1.495196540214185983e-07
-1.521688882515492324e-07
-1.520185083371076201e-07
-1.552487499344434970e-07
-1.529564936535854964e-07
-1.534375190197067272e-07
-1.535426095758435420e-07
-1.529791813091516776e-07
-1.512899372341976053e-07
-1.498279811426400246e-07
-1.501948726508722545e-07
-1.540200739616622855e-07
-1.540833327651186184e-07
-1.516474831598637175e-07
-1.479533070690700345e-07
-1.553316986078151668e-07
-1.502533818954177931e-07
-1.536538226827488393e-07
-1.524014824740285860e-07
-1.525020042421582089e-07
-1.532526356814445196e-07
-1.512057818675652481e-07
-1.535337548555545863e-07
-1.506470186048203536e-07
-1.435073591146867997e-07
-1.503819282756580911e-07
-1.533986785251985232e-07
-1.491828674187577239e-07
-1.548997080949333784e-07
-1.465343931499660219e-07
-1.493629703736217158e-07
-1.520835559126005245e-07
-1.474829964054267449e-07
-1.493930998049235065e-07
-1.461549286470824070e-07
-1.483936528708199420e-07
-1.468063307103646614e-07
-1.519627040466686109e-07
-1.479343359755314227e-07
-1.454177079346631724e-07
-1.481162709060134141e-07
-1.460791980103733454e-07
-1.468889693758033254e-07
-1.432572702452185234e-07
-1.445534969160768362e-07
-1.408542850685839137e-07
-1.458684717926216229e-07
-1.484647268694200131e-07
-1.487202578409922558e-07
-1.444488604714875695e-07
-1.481773981393323192e-07
-1.479961505229133403e-07
-1.406652305500328978e-07
-1.490340664545562979e-07
-1.438805172493393794e-07
-1.517668356217385635e-07
-1.487495419247932001e-07
-1.533674066141998589e-07
-1.501822821315942495e-07
-1.498722736095298765e-07
-1.543751155456599990e-07
-1.544175914835112337e-07
-1.537271820121440263e-07
-1.508625980981702880e-07
-1.520591086880215365e-07
-1.533293171396536518e-07
-1.539313078653139356e-07
-1.565381038026798917e-07
-1.571368980091019117e-07
-1.557216451061281782e-07
-1.545738933562796077e-07
-1.540241911634854930e-07
-1.537364050273279640e-07
-1.506370682173262436e-07
-1.566628786494631067e-07
-1.522529453132457732e-07
-1.496942985385755359e-07
-1.525129816710363301e-07
-1.548204740351134910e-07
-1.534416223122982522e-07
-1.477150360865514886e-07
-1.544328384728239409e-07
-1.552457533972561659e-07
-1.549327614182975678e-07
-1.515255779056159997e-07
-1.475478267989550623e-07
-1.508555019236166114e-07
-1.529864748369072670e-07
-1.520656143629029640e-07
-1.468649104551238551e-07
-1.513817622650935015e-07
-1.540417952642873239e-07
-1.523321783288917771e-07
-1.532675523699937149e-07
-1.537590053968977607e-07
-1.503147523410962040e-07
-1.543675032286696930e-07
-1.378228112576712925e-07
-1.483612783164332087e-07
-1.509408967328088021e-07
-1.480725287183119843e-07
-1.533999701638582135e-07
-1.495422224534670702e-07
-1.524361048447304563e-07
-1.482902274344400646e-07
-1.505765538109350289e-07
-1.462164667760423088e-07
-1.471365817693807433e-07
-1.552104722634100046e-07
-1.475987265420148831e-07
-1.505427062525808498e-07
-1.480711659640235688e-07
-1.518187874674319682e-07
-1.416305932805822698e-07
-1.464852874259984786e-07
-1.446488552694900608e-07
-1.452429446002140391e-07
-1.509257729412354827e-07
-1.374535157446198302e-07
-1.502120311377244622e-07
-1.492401704122950998e-07
-1.487326055802788553e-07
-1.479717590318592078e-07
-1.471023233473792195e-07
-1.475464648297159464e-07
-1.432329964633316890e-07
-1.476987239562854859e-07
-1.499056591679107553e-07
-1.453218037862615454e-07
-1.424477231638512251e-07
-1.453690398032446712e-07
-1.435338406188876888e-07
-1.475085483859209981e-07
-1.435741268213162258e-07
-1.405509742575454075e-07
-1.468500472523196336e-07
-1.465676301613758970e-07
-1.453266293747706465e-07
-1.421373406836680453e-07
-1.477272845961625483e-07
-1.473495850713186217e-07
-1.446807848581934080e-07
-1.430483988015789749e-07
-1.457965840460056333e-07
-1.414501369322972984e-07
-1.408855757942933956e-07
-1.382942164346590300e-07
-1.438203168103150301e-07
-1.456234575279836376e-07
-1.330172820959260278e-07
-1.408377106804223214e-07
-1.446303544487176153e-07
-1.422630572301060323e-07
-1.413018188857238822e-07
-1.411281361767785904e-07
-1.419484695076123420e-07
-1.417754637828740356e-07
-1.359126101835567469e-07
-1.377158919956185558e-07
-1.362709468396340408e-07
-1.377651307315254844e-07
-1.378492524231400932e-07
-1.322492461576202328e-07
-1.354147307571575620e-07
-1.350257194338509313e-07
-1.304589661420203197e-07
-1.279029332212457196e-07
-1.251550424158808205e-07
-1.048882386399815227e-07
-4.453642524559009167e-08
1.287802577212735933e-07
4.541974541942798242e-07
8.570231762365658339e-07
1.217868153538006326e-06
1.418150821548515286e-06
1.594828337744805756e-06
1.714120214798389415e-06
1.843584924203095594e-06
1.987883592393532186e-06
2.137407619899736891e-06
2.241248111047807345e-06
2.336408930511362450e-06
2.356157835516056972e-06
2.353249011718559005e-06
2.388042419329876639e-06
2.363949107502016819e-06
2.316283220211579374e-06
2.277541320385406101e-06
2.193179344092244063e-06
2.128501492024942944e-06
2.064314390707567467e-06
1.994748014827173876e-06
1.999338515279713276e-06
2.013409255582791992e-06
2.064528927342854688e-06
2.131029882236472739e-06
2.228942829998446642e-06
2.318802808252003055e-06
2.384988546235205581e-06
2.444851876888765845e-06
2.488939831785762151e-06
2.513349669783776745e-06
2.487268126098521885e-06
2.458838103743937087e-06
2.462328095356776708e-06
2.527524321151128857e-06
2.676365883060289606e-06
2.836048070476878412e-06
2.968310199857061251e-06
2.978092629155143999e-06
2.912869325944540518e-06
2.787879628468778765e-06
2.741338243513498730e-06
2.664828615078577578e-06
2.625072034300377848e-06
2.598434065326653793e-06
2.544926887623661249e-06
2.505831908295239606e-06
2.458263327530882018e-06
2.395698049742157783e-06
2.284989251999273366e-06
2.210507774134395208e-06
2.118661807503754830e-06
2.036083684959557861e-06
2.014508335593128680e-06
1.984899114884981937e-06
1.954022518876334357e-06
1.956401482735519470e-06
1.998391474189219103e-06
2.112200871765338907e-06
2.277925122723667790e-06
2.522262693679734262e-06
2.762812608487529757e-06
2.922436592861940232e-06
3.035972806265054881e-06
3.106198092585559669e-06
3.071682608615601707e-06
3.010332385212637728e-06
2.923569744739827578e-06
2.845478293698099186e-06
2.729807280357019137e-06
2.573893029630915512e-06
2.420602205112682078e-06
2.278244031308401528e-06
2.214624017004995510e-06
2.171614643442909249e-06
2.163956194170802996e-06
2.130383113399187158e-06
2.061314603888970602e-06
2.019599386361682435e-06
1.940882509702083477e-06
1.905624955412271914e-06
1.924792654136563322e-06
1.948017623395596894e-06
1.994400015337995018e-06
2.038300572380681162e-06
2.074699100970360448e-06
2.106086772974065785e-06
2.164029846720537900e-06
2.200911402658172588e-06
2.236541359298379950e-06
2.269656506857439634e-06
2.299443147176614717e-06
2.319781025307829452e-06
2.366625213079488334e-06
2.405065027900179118e-06
2.497292708347598624e-06
2.636324740288403311e-06
2.792142833331763926e-06
2.970283950936152435e-06
3.064878717760088255e-06
3.120223601733414658e-06
3.052522031341107767e-06
2.939959551682911984e-06
2.818424456787343567e-06
2.718503378541578118e-06
2.632985641943131308e-06
2.567574910108301241e-06
2.490471964702104833e-06
2.407160109272550680e-06
2.304868124769544404e-06
2.238199114413387210e-06
2.201364726587160226e-06
2.198719170155099876e-06
2.229144334037698538e-06
2.301048326062145792e-06
2.428965731574412690e-06
2.587442627096802883e-06
2.806486015245209609e-06
3.039395469280235815e-06
3.272632209956328642e-06
3.429176371258664033e-06
3.460745306584044446e-06
3.310867347432368562e-06
3.107224174944586897e-06
2.935643379361823487e-06
2.757016623662559209e-06
2.674006605558349157e-06
2.587816793111521477e-06
2.486279399962325292e-06
2.395277877023160283e-06
2.300598431588570128e-06
2.229388630329997935e-06
2.200339556600364511e-06
2.244673391686205969e-06
2.281223808442634680e-06
2.346264815024957657e-06
2.416219971676846208e-06
2.419713367714803684e-06
2.400208976338510644e-06
2.390337867356416688e-06
2.361452841417110465e-06
2.318840333431264940e-06
2.270383261552559457e-06
2.297761923485148170e-06
2.344349950209081059e-06
2.395802590130103703e-06
2.424464379958663733e-06
2.449449109843583356e-06
2.470990903802153191e-06
2.466901458193103649e-06
2.428012294556628341e-06
2.416137771909509617e-06
2.385199834545825997e-06
2.376188569280278274e-06
2.382599873538649986e-06
2.340598750315533749e-06
2.276951187931269985e-06
2.181151289594076070e-06
2.082100086321997071e-06
2.032585782408853609e-06
2.057195965582595242e-06
2.133848699866251230e-06
2.230985985798906853e-06
2.306841900486036438e-06
2.347995457310697766e-06
2.354133175486728214e-06
2.297888746227003661e-06
2.252889338849352262e-06
2.195428756052429116e-06
2.195717513219327219e-06
2.195648453449719117e-06
2.188456650766884964e-06
2.189059011645302735e-06
2.123038554794741083e-06
2.017883935755832534e-06
1.926363991101704329e-06
1.863388214300769586e-06
1.853703651418201069e-06
1.906658500173486654e-06
2.033356882336764163e-06
2.155241293914681128e-06
2.284900592718372834e-06
2.406831031909216171e-06
2.472231714673779425e-06
2.480867083426300207e-06
2.454576504038539653e-06
2.430910709265132408e-06
2.392344694316452013e-06
2.343424104343414329e-06
2.273331613893688068e-06
2.165461923883095696e-06
2.072961606927583402e-06
2.036607404087169726e-06
2.041263468455193265e-06
2.073003447102567859e-06
2.101347038715853228e-06
2.120148408054604493e-06
2.169600377029611785e-06
2.232087410943506664e-06
2.311982280199169361e-06
2.346099801987849095e-06
2.352912925843952857e-06
2.311793695277083257e-06
2.279664238144107450e-06
2.210035228663138610e-06
2.168436180947590813e-06
2.088502308812381572e-06
2.022829443510410731e-06
1.977161425472461040e-06
1.914365854694477077e-06
1.888910657169837351e-06
1.872096124736820366e-06
1.886269556985842317e-06
1.933145866636304181e-06
2.021972613716531794e-06
2.188838845467937737e-06
2.336263553745220230e-06
2.481033376258862579e-06
2.572607686695090777e-06
2.597131608093702146e-06
2.525538923774562561e-06
2.456136931774025808e-06
2.369339281333013119e-06
2.243778028125043595e-06
2.173534007915527246e-06
2.133800049298460399e-06
2.116471638682557583e-06
2.060476332863319823e-06
2.017745178059829699e-06
1.967659461653696018e-06
1.901618526012018766e-06
1.790758768862800896e-06
1.700603661230779752e-06
1.596173176518427109e-06
1.537216816406037195e-06
1.465199035267563267e-06
1.467036888617712832e-06
1.488155757939812404e-06
1.536484580907572293e-06
1.654745212943783287e-06
1.781352107218137261e-06
1.902665523327496173e-06
2.019822125835936626e-06
2.084406438152445348e-06
2.087818880796199566e-06
2.050907026912188413e-06
2.004127546683877228e-06
1.992249413635616227e-06
1.986463179463277794e-06
1.994467271876491580e-06
1.939716068752804858e-06
1.878593821918444633e-06
1.801511563699577159e-06
1.720925011984769292e-06
1.704623502209877054e-06
1.679008464877875254e-06
1.661406306502584769e-06
1.628969975689506653e-06
1.592843238193269156e-06
1.541706039490987291e-06
1.517537254847355998e-06
1.505775845680741735e-06
1.513520493837171265e-06
1.554816507077212960e-06
1.602187920036624329e-06
1.618887435276393123e-06
1.623571412318675036e-06
1.584586679041607000e-06
1.547802234407755394e-06
1.499954447234135649e-06
1.480942363064899579e-06
1.473512590006443898e-06
1.468925847784281234e-06
1.515060501538423990e-06
1.558614315727961649e-06
1.588992537486617974e-06
1.603365128594758476e-06
1.585239200303919639e-06
1.550840376067981352e-06
1.534282331915305322e-06
1.522351296674365241e-06
1.518121705572830365e-06
1.546280879607085995e-06
1.564619188421810718e-06
1.619602451837905976e-06
1.706756429928477423e-06
1.817595992082585120e-06
1.971944099971952632e-06
2.090342896491879112e-06
2.153833907728357592e-06
2.138330942288133226e-06
2.085181441991230857e-06
2.040091354006626273e-06
2.042373543916381631e-06
2.034702735753997863e-06
2.016962140462276923e-06
1.969856086250095082e-06
1.915616627798050505e-06
1.819640593912664965e-06
1.738417303744020753e-06
1.674381092472605665e-06
1.598009570488586791e-06
1.546008241998173096e-06
1.506471194419584764e-06
1.466173559928594331e-06
1.431255204424173651e-06
1.386892906971219948e-06
1.344103180713256660e-06
1.332176980598431595e-06
1.301171357195062261e-06
1.291405308027600590e-06
1.285174578342400889e-06
1.275323788454846095e-06
1.269580908254598492e-06
1.274892670989668584e-06
1.258664790430947580e-06
1.238210945461591513e-06
1.222168710361429935e-06
1.199380418452477395e-06
1.208097965568443230e-06
1.221842402269318538e-06
1.235593274172475846e-06
1.264504986600421431e-06
1.315125355216488581e-06
1.368144638075447564e-06
1.437773441712301271e-06
1.503365215324229390e-06
1.518368764271314102e-06
1.484536490309499013e-06
1.420512981070427580e-06
1.349536042693273639e-06
1.289785606167978075e-06
1.254761914448510459e-06
1.222665872000117351e-06
1.199177443364395596e-06
1.185040156077940861e-06
1.193373553081284639e-06
1.201679663980164603e-06
1.201845465898653404e-06
1.172902018807322285e-06
1.122559717749596359e-06
1.064846889079378317e-06
1.003513261015900861e-06
9.458086451351393737e-07
8.980315272464574003e-07
8.644621863581231892e-07
8.261557752078711040e-07
7.843760271904272215e-07
7.372801034607653280e-07
6.951996735560356350e-07
6.630550665876982512e-07
6.304773954926287423e-07
6.147991528553260554e-07
5.896314102987288792e-07
5.759405730356843019e-07
5.687461945835229215e-07
5.576049836902427419e-07
5.450859722168890519e-07
5.410403541210671005e-07
5.206987293783601868e-07
5.038386298647994569e-07
4.652109246357416752e-07
4.290574019919664261e-07
3.850918841605715802e-07
3.342400287506618824e-07
2.771012349536861903e-07
2.126761128591228080e-07
1.377556057246311304e-07
7.071850749622135922e-08
2.308118494217235371e-09
-4.300343394580599563e-08
-7.628386175583555223e-08
-1.021841346103219735e-07
-1.089041210488534814e-07
-1.167832865210079006e-07
-1.208293868721339747e-07
-1.238403589466763191e-07
-1.265745335733801404e-07
-1.285945820093322254e-07
-1.266346540384199695e-07
-1.275089113446273208e-07
-1.264429490182160156e-07
-1.328927426783542384e-07
-1.285485415929970968e-07
-1.309017656538508156e-07
-1.302361111597667801e-07
-1.301559368748272717e-07
-1.253698068578104370e-07
-1.320693739431990258e-07
-1.216533578830191243e-07
-1.301750042565920089e-07
-1.338636891435459823e-07
-1.308031177920202328e-07
-1.317636999987471173e-07
-1.371829293331417098e-07
-1.333677545290315146e-07
-1.287466441419488654e-07
-1.315277603428692635e-07
-1.313423248469072917e-07
-1.336724086788862450e-07
-1.335442155267243747e-07
-1.291657239125242454e-07
-1.348360405392720392e-07
-1.350716378324918667e-07
-1.318222634840699609e-07
-1.333748552027157018e-07
-1.343287024011911094e-07
-1.360737189297824422e-07
-1.318646175196514410e-07
-1.353145963737879448e-07
-1.334738647020240873e-07
-1.339586636689445187e-07
-1.337714376110001069e-07
-1.345294912434988187e-07
-1.369567886948869821e-07
-1.322814304462160201e-07
-1.325350316333815606e-07
-1.374736256659052419e-07
-1.354902673368207390e-07
-1.374818143119869309e-07
-1.345454405507730354e-07
-1.317314377740025611e-07
-1.370169825781871543e-07
-1.361091983272664208e-07
-1.324963547453537998e-07
-1.344913030930771918e-07
-1.350320082065027848e-07
-1.301226742428953154e-07
-1.339118950394309764e-07
-1.340241056631406319e-07
-1.357273720586768387e-07
-1.333328790246424430e-07
-1.339254180691458512e-07
-1.350719335569880628e-07
-1.330446121618600883e-07
-1.365102245235858871e-07
-1.395962214120773821e-07
-1.389899813528915412e-07
-1.355163716301437056e-07
-1.357899941315114257e-07
-1.346483417643114137e-07
-1.322752474673755031e-07
-1.316496042693963776e-07
-1.314156887858080262e-07
-1.384522331423227633e-07
-1.344334731843826270e-07
-1.355554793567011804e-07
-1.370442536851681116e-07
-1.387773178938266051e-07
-1.356340645488336508e-07
-1.361432113176518620e-07
-1.332778003099234789e-07
-1.345755172428157272e-07
-1.324435759114175476e-07
-1.366186419136591911e-07
-1.332975684268759931e-07
-1.327322408150963880e-07
-1.342679798568690362e-07
-1.355288234758610074e-07
-1.339492869422142338e-07
-1.326983468302170661e-07
-1.376847912601918070e-07
-1.344053363306017166e-07
-1.401137849680774135e-07
-1.387904337400380976e-07
-1.385844346368158387e-07
-1.374962397032830082e-07
-1.291468580073977999e-07
-1.376336886513548434e-07
-1.337554412318304367e-07
-1.376125748698371051e-07
-1.366787066823584345e-07
-1.339740776734366620e-07
-1.334156428569354044e-07
-1.376445683860666926e-07
-1.345291353672310150e-07
-1.385987276242183611e-07
-1.349177669505204837e-07
-1.354877993192750280e-07
-1.365640624096794934e-07
-1.370687134325121348e-07
-1.378968718952565074e-07
-1.367711105291843661e-07
-1.358683538693554346e-07
-1.392171491224533360e-07
-1.351188911853294147e-07
-1.351008866767096001e-07
-1.355739178339915088e-07
-1.344962980976451222e-07
-1.376849087503411342e-07
-1.386514853967918705e-07
-1.426871892389458336e-07
-1.372818092945531862e-07
-1.335002806358783348e-07
-1.377746224093360103e-07
-1.355648550800169394e-07
-1.350785678040216786e-07
-1.341505934899676383e-07
-1.359916734666560695e-07
-1.357596542193278343e-07
-1.377575519884230428e-07
-1.367591853944458496e-07
-1.351268277139426281e-07
-1.381728472482931270e-07
-1.383373076196788008e-07
-1.365150691195188509e-07
-1.359557010341037738e-07
-1.341157999614981939e-07
-1.346139360961944577e-07
-1.376268813738642863e-07
-1.337748263199315928e-07
-1.358511080637261115e-07
-1.378514516471102782e-07
-1.361290943136808753e-07
-1.376817541577175705e-07
-1.348725689312898960e-07
-1.362555991695694585e-07
-1.359147521248925300e-07
-1.358012277596417415e-07
-1.384303259320635578e-07
-1.367520555516179715e-07
-1.368075885663020394e-07
-1.387171735823421421e-07
-1.313021659780603512e-07
-1.393714296545903229e-07
-1.372354657741517612e-07
-1.371288251788210004e-07
-1.331579418871660612e-07
-1.352481538955448471e-07
