355.0815825600625 10502.0
355.2311159520598 10555.0
355.38070004370667 10405.0
355.5303347027181 10517.0
355.6800197968087 10468.0
355.8297551936935 10542.0
355.97954076108715 10502.0
356.1293763667046 10526.0
356.2792618782606 10474.0
356.42919716346995 10468.0
356.5791820900476 10566.0
356.7292165257082 10394.0
356.8793003381666 10477.0
357.02943339513763 10609.0
357.17961556433625 10486.0
357.32984671347714 10501.0
357.4801267102751 10528.0
357.630455422445 10449.0
357.78083271770174 10624.0
357.93125846376 10520.0
358.0817325283347 10444.0
358.23225477914053 10474.0
358.38282508389244 10465.0
358.53344331030524 10426.0
358.68410932609373 10391.0
358.8348229989727 10593.0
358.98558419665704 10504.0
359.13639278686145 10470.0
359.2872486373008 10596.0
359.43815161569 10508.0
359.58910158974373 10557.0
359.7400984271769 10725.0
359.8911419957044 10435.0
360.04223216304086 10544.0
360.1933687969012 10551.0
360.34455176500035 10505.0
360.4957809350529 10684.0
360.64705617477387 10483.0
360.79837735187795 10407.0
360.94974433408 10513.0
361.1011569890949 10468.0
361.2526151846373 10448.0
361.4041187884223 10439.0
361.55566766816446 10515.0
361.70726169157876 10509.0
361.85890072637994 10588.0
362.01058464028284 10477.0
362.16231330100226 10488.0
362.314086576253 10513.0
362.46590433375 10545.0
362.61776644120795 10600.0
362.7696727663417 10496.0
362.92162317686615 10406.0
363.07361754049606 10563.0
363.22565572494625 10470.0
363.37773759793157 10456.0
363.52986302716675 10441.0
363.6820318803666 10561.0
363.8342440252461 10468.0
363.98649932952 10464.0
364.13879766090304 10502.0
364.29113888711015 10455.0
364.44352287585605 10507.0
364.5959494948557 10607.0
364.74841861182375 10451.0
364.90093009447514 10489.0
365.0534838105246 10488.0
365.206079627687 10568.0
365.3587174136772 10511.0
365.51139703621 10442.0
365.66411836300017 10495.0
365.81688126176255 10591.0
365.96968560021196 10460.0
366.12253124606326 10496.0
366.27541806703124 10465.0
366.4283459308307 10461.0
366.5813147051765 10693.0
366.7343242577834 10501.0
366.8873744563663 10490.0
367.04046516863997 10488.0
367.19359626231926 10475.0
367.346767605119 10492.0
367.49997906475386 10480.0
367.65323050893886 10494.0
367.80652180538874 10559.0
367.9598528218183 10492.0
368.1132234259424 10475.0
368.26663348547584 10486.0
368.4200828681334 10536.0
368.57357144163 10499.0
368.7270990736804 10484.0
368.88066563199936 10567.0
369.03427098430177 10467.0
369.18791499830246 10482.0
369.3415975417162 10605.0
369.4953184822579 10512.0
369.64907768764226 10464.0
369.8028750255842 10569.0
369.95671036379855 10487.0
370.11058357 10765.0
370.26449451190354 10460.0
370.4184430572237 10532.0
370.57242907367566 10568.0
370.7264524289741 10526.0
370.8805129908337 10454.0
371.0346106269695 10542.0
371.1887452050962 10576.0
371.34291659292865 10455.0
371.49712465818163 10492.0
371.65136926857 10565.0
371.80565029180855 10545.0
371.9599675956121 10598.0
372.11432104769557 10496.0
372.26871051577365 10481.0
372.42313586756126 10465.0
372.57759697077313 10486.0
372.7320936931241 10456.0
372.88662590232906 10487.0
373.04119346610275 10528.0
373.19579625216 10490.0
373.3504341282156 10502.0
373.50510696198455 10488.0
373.65981462118145 10509.0
373.8145569735213 10505.0
373.96933388671874 10490.0
374.1241452284887 10490.0
374.27899086654605 10496.0
374.43387066860544 10522.0
374.5887845023818 10507.0
374.74373223558996 10500.0
374.89871373594474 10552.0
375.05372887116096 10538.0
375.20877750895335 10487.0
375.3638595170369 10516.0
375.51897476312627 10590.0
375.6741231149363 10494.0
375.82930444018194 10534.0
375.9845186065778 10466.0
376.13976548183894 10491.0
376.29504493368 10532.0
376.45035682981586 10664.0
376.60570103796135 10513.0
376.7610774258313 10467.0
376.91648586114053 10429.0
377.0719262116038 10459.0
377.2273983449359 10616.0
377.3829021288518 10502.0
377.5384374310662 10476.0
377.69400411929405 10541.0
377.84960206125 10483.0
378.00523112464896 10496.0
378.16089117720577 10460.0
378.3165820866352 10481.0
378.4723037206521 10463.0
378.62805594697124 10656.0
378.7838386333075 10494.0
378.9396516473757 10577.0
379.09549485689064 10516.0
379.25136812956714 10531.0
379.40727133312 10606.0
379.56320433526406 10413.0
379.7191670037142 10477.0
379.8751592061851 10842.0
380.0311808103916 10460.0
380.1872316840487 10441.0
380.3433116948711 10535.0
380.4994207105736 10506.0
380.65555859887104 10468.0
380.81172522747823 10476.0
380.96792046410997 10661.0
381.1241441764812 10499.0
381.28039623230654 10510.0
381.436676499301 10433.0
381.5929848451792 10544.0
381.74932113765624 10613.0
381.9056852444467 10651.0
382.06207703326555 10584.0
382.2184963718275 10597.0
382.37494312784736 10502.0
382.53141716903997 10513.0
382.6879183631202 10478.0
382.84444657780296 10580.0
383.00100168080286 10476.0
383.15758353983483 10474.0
383.3141920226137 10489.0
383.4708269968543 10467.0
383.62748833027143 10453.0
383.7841758905799 10407.0
383.94088954549443 10477.0
384.09762916272996 10433.0
384.2543946100013 10424.0
384.4111857550233 10504.0
384.56800246551074 10469.0
384.7248446091785 10526.0
384.88171205374124 10514.0
385.03860466691395 10467.0
385.1955223164113 10440.0
385.3524648699482 10436.0
385.50943219523947 10403.0
385.66642415999996 10440.0
385.8234406319445 10449.0
385.98048147878774 10460.0
386.13754656824466 10432.0
386.2946357680301 10495.0
386.45174894585875 10548.0
386.6088859694455 10470.0
386.7660467065052 10448.0
386.9232310247526 10457.0
387.0804387919026 10427.0
387.23766987566995 10483.0
387.3949241437696 10430.0
387.55220146391616 10512.0
387.70950170382457 10544.0
387.8668247312097 10566.0
388.0241704137863 10485.0
388.18153861926913 10538.0
388.33892921537307 10448.0
388.496342069813 10500.0
388.6537770503037 10484.0
388.81123402456 10492.0
388.96871286029665 10493.0
389.12621342522857 10410.0
389.2837355870705 10461.0
389.44127921353726 10450.0
389.5988441723438 10410.0
389.7564303312047 10523.0
389.914037557835 10517.0
390.0716657199494 10531.0
390.2293146852628 10466.0
390.38698432149 10456.0
390.54467449634575 10411.0
390.702385077545 10481.0
390.8601159328024 10435.0
391.0178669298329 10477.0
391.1756379363512 10460.0
391.3334288200723 10430.0
391.4912394487109 10446.0
391.64906968998184 10434.0
391.8069194115999 10414.0
391.96478848128 10487.0
392.1226767667369 10488.0
392.2805841356854 10439.0
392.4385104558403 10454.0
392.5964555949165 10476.0
392.7544194206288 10467.0
392.9124018006919 10477.0
393.0704026028208 10441.0
393.2284216947303 10451.0
393.38645894413503 10415.0
393.54451421875 10458.0
393.70258738628996 10447.0
393.8606783144698 10417.0
394.0187868710042 10537.0
394.17691292360803 10423.0
394.33505633999624 10461.0
394.4932169878835 10437.0
394.6513947349847 10425.0
394.80958944901465 10520.0
394.96780099768813 10364.0
395.12602924872 10447.0
395.284274069825 10495.0
395.4425353287181 10418.0
395.6008128931141 10388.0
395.7591066307277 10450.0
395.91741640927376 10423.0
396.07574209646714 10463.0
396.23408356002267 10457.0
396.3924406676551 10485.0
396.55081328707917 10440.0
396.70920128601 10378.0
396.86760453216215 10455.0
397.0260228932505 10425.0
397.18445623698994 10445.0
397.3429044310953 10420.0
397.50136734328123 10397.0
397.6598448412627 10454.0
397.81833679275456 10428.0
397.9768430654714 10658.0
398.1353635271283 10415.0
398.29389804543996 10443.0
398.45244648812127 10439.0
398.61100872288694 10415.0
398.76958461745187 10433.0
398.92817403953086 10396.0
399.08677685683875 10481.0
399.24539293709034 10509.0
399.40402214800037 10360.0
399.56266435728384 10465.0
399.7213194326554 10449.0
399.87998724182995 10492.0
400.03866765252235 10435.0
400.19736053244736 10454.0
400.3560657493198 10419.0
400.51478317085446 10444.0
400.6735126647663 10391.0
400.83225409876985 10389.0
400.99100734058027 10477.0
401.1497722579122 10428.0
401.3085487184805 10453.0
401.46733659 10359.0
401.6261357401855 10458.0
401.78494603675176 10405.0
401.9437673474137 10441.0
402.1025995398861 10541.0
402.26144248188376 10410.0
402.4202960411215 10502.0
402.5791600853142 10448.0
402.7380344821766 10529.0
402.89691909942366 10449.0
403.05581380477 10494.0
403.2147184659306 10401.0
403.37363295062016 10431.0
403.5325571265536 10431.0
403.6914908614457 10380.0
403.85043402301125 10377.0
404.0093864789651 10398.0
404.1683480970221 10475.0
404.327318744897 10505.0
404.4862982903047 10476.0
404.64528660096005 10411.0
404.8042835445777 10482.0
404.96328898887253 10493.0
405.1223028015595 10450.0
405.28132485035326 10423.0
405.4403550029687 10369.0
405.5993931271207 10445.0
405.758439090524 10417.0
405.9174927608934 10379.0
406.0765540059438 10385.0
406.23562269339 10429.0
406.39469869094677 10448.0
406.5537818663289 10445.0
406.71287208725136 10413.0
406.87196922142886 10374.0
407.03107313657625 10421.0
407.19018370040834 10474.0
407.3493007806399 10432.0
407.50842424498586 10455.0
407.66755396116093 10420.0
407.82668979688003 10421.0
407.98583161985783 10476.0
408.14497929780936 10391.0
408.3041326984493 10544.0
408.4632916894925 10428.0
408.6224561386538 10443.0
408.78162591364793 10419.0
408.9408008821898 10418.0
409.09998091199424 10468.0
409.25916587077603 10389.0
409.41835562624993 10433.0
409.5775500461309 10486.0
409.73674899813375 10435.0
409.8959523499732 10436.0
410.05515996936407 10494.0
410.2143717240213 10713.0
410.37358748165957 10448.0
410.5328071099937 10546.0
410.6920304767387 10593.0
410.8512574496091 10505.0
411.01048789632 10492.0
411.169721684586 10474.0
411.3289586821221 10502.0
411.4881987566431 10486.0
411.64744177586374 10517.0
411.80668760749876 10512.0
411.96593611926306 10497.0
412.12518717887156 10496.0
412.28444065403903 10486.0
412.4436964124802 10463.0
412.60295432191 10440.0
412.76221425004314 10482.0
412.9214760645946 10481.0
413.080739633279 10547.0
413.2400048238113 10498.0
413.3992715039062 10490.0
413.55853954127866 10448.0
413.7178088036435 10423.0
413.87707915871545 10487.0
414.03635047420937 10442.0
414.19562261784 10483.0
414.35489545732224 10497.0
414.514168860371 10447.0
414.6734426947009 10396.0
414.8327168280269 10390.0
414.9919911280637 10445.0
415.1512654625263 10374.0
415.31053969912944 10387.0
415.46981370558785 10502.0
415.62908734961644 10483.0
415.78836049893 10430.0
415.9476330212434 10377.0
416.1069047842714 10518.0
416.2661756557288 10433.0
416.4254455033305 10383.0
416.5847141947912 10380.0
416.7439815978259 10368.0
416.9032475801493 10467.0
417.0625120094763 10429.0
417.2217747535215 10455.0
417.38103568 10400.0
417.5402946566265 10462.0
417.6995515511157 10377.0
417.85880623118265 10410.0
418.01805856454206 10422.0
418.17730841890875 10380.0
418.3365556619975 10471.0
418.4958001615232 10392.0
418.65504178520064 10422.0
418.8142804007446 10394.0
418.97351587587 10355.0
419.1327480782915 10360.0
419.2919768757241 10366.0
419.45120213588257 10429.0
419.61042372648166 10443.0
419.76964151523623 10385.0
419.92885536986114 10347.0
420.0880651580711 10451.0
420.24727074758107 10412.0
420.40647200610573 10449.0
420.56566880136 10368.0
420.7248610010586 10385.0
420.8840484729165 10364.0
421.0432310846485 10357.0
421.20240870396924 10393.0
421.36158119859374 10401.0
421.5207484362367 10425.0
421.679910284613 10425.0
421.83906661143743 10459.0
421.9982172844248 10393.0
422.15736217128995 10428.0
422.31650113974774 10420.0
422.475634057513 10412.0
422.63476079230037 10449.0
422.79388121182484 10416.0
422.9529951838013 10371.0
423.1121025759443 10456.0
423.27120325596894 10456.0
423.4302970915898 10404.0
423.5893839505219 10430.0
423.74846370048 10416.0
423.9075362091789 10409.0
424.0666013443334 10407.0
424.2256589736583 10481.0
424.38470896486854 10464.0
424.5437511856787 10495.0
424.70278550380397 10408.0
424.86181178695875 10384.0
425.0208299028582 10447.0
425.179839719217 10385.0
425.33884110375 10587.0
425.49783392417197 10451.0
425.6568180481978 10492.0
425.81579334354217 10356.0
425.9747596779201 10367.0
426.1337169190463 10405.0
426.2926649346355 10403.0
426.4516035924027 10480.0
426.6105327600626 10406.0
426.76945230533016 10462.0
426.92836209591997 10441.0
427.0872619995471 10389.0
427.2461518839262 10412.0
427.4050316167721 10462.0
427.5639010657997 10404.0
427.7227600987237 10461.0
427.88160858325915 10378.0
428.0404463871206 10477.0
428.199273378023 10419.0
428.35808942368124 10419.0
428.51689439181 10404.0
428.6756881501242 10479.0
428.8344705663385 10431.0
428.993241508168 10461.0
429.15200084332724 10502.0
429.3107484395312 10514.0
429.4694841644947 10459.0
429.6282078859325 10429.0
429.7869194715595 10403.0
429.9456187890903 10438.0
430.10430570624004 10395.0
430.26298009072326 10444.0
430.421641810255 10450.0
430.5802907325499 10408.0
430.73892672532287 10444.0
430.89754965628873 10723.0
431.0561593931623 10409.0
431.2147558036584 10419.0
431.37333875549183 10464.0
431.53190811637745 10505.0
431.69046375402996 10439.0
431.84900553616444 10431.0
432.00753333049533 10487.0
432.1660470047378 10552.0
432.3245464266065 10777.0
432.48303146381625 11460.0
432.6415019840819 13300.0
432.79995785511835 16530.0
432.9583989446403 20850.0
433.1168251203625 25337.0
433.27523625 28287.0
433.43363220126747 29883.0
433.59201284187975 30276.0
433.75037803955166 30114.0
433.90872766199806 29897.0
434.0670615769338 30092.0
434.2253796520735 30256.0
434.3836817551323 30845.0
434.5419677538246 31548.0
434.70023751586564 31784.0
434.85849090897 32465.0
435.01672780085255 33346.0
435.1749480592282 33972.0
435.33315155181157 35052.0
435.4913381463177 36019.0
435.64950771046125 37081.0
435.80766011195715 38171.0
435.9657952185201 38564.0
436.123912897865 38805.0
436.28201301770673 38710.0
436.44009544576 38248.0
436.5981600497397 37264.0
436.7562066973606 36389.0
436.9142352563375 35832.0
437.07224559438527 35244.0
437.2302375792188 34896.0
437.3882110785527 34676.0
437.54616596010203 34994.0
437.70410209158143 35426.0
437.86201934070584 35603.0
438.01991757519 35150.0
438.1777966627488 34103.0
438.335656471097 33154.0
438.4934968679494 32368.0
438.6513177210209 32396.0
438.8091188980262 32865.0
438.9669002666803 33901.0
439.1246616946979 34172.0
439.2824030497938 34846.0
439.44012419968294 35321.0
439.59782501208 35628.0
439.7555053546999 36191.0
439.9131650952573 36602.0
440.07080410146733 37116.0
440.2284222410445 37815.0
440.3860193817037 39009.0
440.54359539115995 39762.0
440.7011501371278 40507.0
440.85868348732225 41303.0
441.01619530945806 41684.0
441.17368547125005 42248.0
441.3311538404129 42809.0
441.4886002846618 42976.0
441.64602467171113 42537.0
441.80342686927605 41405.0
441.96080674507124 40001.0
442.1181641668115 37865.0
442.27549900221175 35935.0
442.43281111898665 34740.0
442.59010038485116 33953.0
442.74736666751994 33582.0
442.9046098347081 33895.0
443.06182975413014 34366.0
443.2190262935011 34994.0
443.3761993205357 35567.0
443.53334870294873 36543.0
443.6904743084551 37937.0
443.8475760047696 39397.0
444.0046536596071 40782.0
444.1617071406822 41603.0
444.31873631571 42301.0
444.47574105240517 42561.0
444.6327212184825 43113.0
444.789676681657 44171.0
444.9466073096433 45078.0
445.10351297015626 46290.0
445.26039353091073 46809.0
445.4172488596215 46803.0
445.57407882400344 46569.0
445.73088329177136 46197.0
445.88766213064 45663.0
446.04441520832427 45409.0
446.201142392539 45400.0
446.3578435509989 44828.0
446.51451855141886 44400.0
446.67116726151374 44068.0
446.82778954899834 43810.0
446.9843852815874 43519.0
447.1409543269959 43406.0
447.2974965529384 43163.0
447.45401182713 42800.0
447.61050001728535 41872.0
447.7669609911194 40647.0
447.9233946163468 39215.0
448.0798007606825 37832.0
448.23617929184127 37378.0
448.3925300775379 36924.0
448.54885298548726 37512.0
448.7051478834042 38348.0
448.8614146390035 39387.0
449.01765312 40363.0
449.17386319410843 41321.0
449.3300447290437 41929.0
449.4861975925207 42583.0
449.6423216522541 43500.0
449.7984167759587 44610.0
449.9544828313495 45496.0
450.11051968614123 46226.0
450.2665272080487 46483.0
450.4225052647866 46362.0
450.57845372407 45673.0
450.7343724536136 44307.0
450.8902613211322 42786.0
451.0461201943406 40965.0
451.2019489409536 39095.0
451.3577474286862 37517.0
451.5135155252531 36452.0
451.6692530983691 36227.0
451.824960015749 37187.0
451.9806361451078 38646.0
452.13628135416 40031.0
452.2918955106207 41689.0
452.4474784822046 42626.0
452.60303013662644 43652.0
452.7585503416013 44667.0
452.9140389648437 45579.0
453.06949587406876 46519.0
453.22492093699105 47315.0
453.3803140213255 47470.0
453.5356749947868 46915.0
453.69100372509 46441.0
453.8463000799498 45651.0
454.00156392708095 44892.0
454.1567951341984 44699.0
454.31199356901686 44959.0
454.46715909925126 45141.0
454.6222915926163 45698.0
454.7773909168269 46306.0
454.93245693959784 46692.0
455.08748952864386 46364.0
455.24248855168 45883.0
455.3974538764208 45189.0
455.5523853705813 44919.0
455.7072829018763 44512.0
455.86214633802047 44210.0
456.01697554672876 44149.0
456.1717703957159 44350.0
456.32653075269684 44463.0
456.4812564853862 44498.0
456.6359474614991 44433.0
456.79060354875 44275.0
456.94522461485394 44622.0
457.09981052752573 45267.0
457.25436115448014 46113.0
457.40887636343206 46946.0
457.56335602209623 47389.0
457.7177999981875 46981.0
457.87220815942067 45951.0
458.0265803735107 44780.0
458.18091650817206 43701.0
458.33521643111993 43084.0
458.48948001006903 42644.0
458.64370711273415 42999.0
458.7978976068301 43212.0
458.95205136007166 43672.0
459.10616824017376 43406.0
459.2602481148511 43240.0
459.41429085181863 43087.0
459.568296318791 42647.0
459.7222643834832 43219.0
459.87619491361 44385.0
460.0300877768862 45254.0
460.1839428410266 45952.0
460.33775997374596 45953.0
460.4915390427593 45161.0
460.6452799157812 43608.0
460.79898246052676 42137.0
460.9526465447105 40592.0
461.10627203604747 39161.0
461.2598588022523 38325.0
461.41340671104 37906.0
461.56691563012527 38096.0
461.720385427223 38270.0
461.8738159700479 38474.0
462.02720712631486 38567.0
462.18055876373876 38986.0
462.3338707500343 39916.0
462.4871429529164 40786.0
462.64037524009984 41037.0
462.79356747929944 40872.0
462.94671953823 40445.0
463.0998312846064 40108.0
463.25290258614336 39857.0
463.4059333105557 39222.0
463.5589233255585 38614.0
463.7118724988662 37963.0
463.8647806981939 37623.0
464.0176477912563 37460.0
464.17047364576825 37923.0
464.3232581294445 38120.0
464.47600111 38721.0
464.6287024551495 38995.0
464.7813620326078 39712.0
464.93397971008966 40447.0
465.08655535531005 40956.0
465.23908883598375 41701.0
465.3915800198255 42129.0
465.5440287745502 42423.0
465.6964349678727 42526.0
465.84879846750766 42006.0
466.00111914117 40716.0
466.15339685657455 38932.0
466.30563148143614 37493.0
466.4578228834696 36214.0
466.6099709303897 35547.0
466.76207548991124 35434.0
466.9141364297491 36051.0
467.0661536176181 36648.0
467.2181269212331 37362.0
467.3700562083087 38528.0
467.52194134655997 39329.0
467.67378220370165 39778.0
467.82557864744854 40128.0
467.97733054551543 40891.0
468.1290377656173 41572.0
468.2807001754687 42579.0
468.4323176427847 43454.0
468.58389003528004 45092.0
468.73541722066943 46530.0
468.8868990666678 48415.0
469.03833544098995 49575.0
469.1897262113508 50899.0
469.34107124546495 51275.0
469.4923704110474 51153.0
469.6436235758129 50496.0
469.7948306074763 48908.0
469.9459913737523 47416.0
470.09710574235595 45913.0
470.2481735810018 44721.0
470.3991947574049 44244.0
470.55016913928 44355.0
470.7010965943419 44961.0
470.8519769903054 45706.0
471.0028101948853 45930.0
471.15359607579654 46050.0
471.3043345007537 46256.0
471.45502533747197 47305.0
471.60566845366577 48321.0
471.7562637170502 49766.0
471.90681099534 51448.0
472.05731015625 51856.0
472.20776106749497 52329.0
472.3581635967898 52826.0
472.5085176118492 53571.0
472.65882298038804 54467.0
472.8090795701213 55790.0
472.95928724876353 56578.0
473.1094458840297 57240.0
473.25955534363464 57353.0
473.4096154952931 57005.0
473.55962620672 56617.0
473.7095873456301 56871.0
473.8594987797382 57249.0
474.00936037675905 58150.0
474.1591720044077 58970.0
474.30893353039875 60184.0
474.4586448224471 60964.0
474.6083057482676 61451.0
474.7579161755751 61698.0
474.9074759720842 61253.0
475.05698500551 60944.0
475.2064431435672 60779.0
475.3558502539705 60859.0
475.505206204435 61517.0
475.65451086267524 62562.0
475.80376409640627 63200.0
475.9529657733427 63777.0
476.1021157611995 64353.0
476.2512139276914 64196.0
476.40026014053336 63959.0
476.54925426744 63353.0
476.69819617612626 62115.0
476.847085734307 60495.0
476.9959228096969 58528.0
477.1447072700109 57288.0
477.2934389829637 56953.0
477.4421178162703 57656.0
477.5907436376454 58985.0
477.73931631480383 60133.0
477.8878357154605 60568.0
478.03630170733 61194.0
478.1847141581274 62045.0
478.3330729355673 63479.0
478.48137790736473 64979.0
478.62962894123444 67490.0
478.77782590489124 69722.0
478.9259686660499 71736.0
479.07405709242533 74172.0
479.22209105173226 75780.0
479.3700704116855 77098.0
479.51799504 78721.0
479.6658648043905 80343.0
479.81367957257174 82342.0
479.9614392122587 84366.0
480.10914359116606 85243.0
480.25679257700875 87004.0
480.4043860375015 88235.0
480.5519238403592 89068.0
480.69940585329664 90136.0
480.84683194402857 91274.0
480.99420198027 92354.0
481.14151582973557 94176.0
481.28877336014017 96090.0
481.4359744391986 98075.0
481.5831189346257 99809.0
481.7302067141363 100724.0
481.8772376454451 101605.0
482.02421159626704 102726.0
482.171128434317 103159.0
482.31798802730975 102923.0
482.46479024295996 102688.0
482.61153494898264 101818.0
482.75822201309256 101136.0
482.9048513030045 101951.0
483.0514226864333 104131.0
483.1979360310938 107424.0
483.34439120470074 110866.0
483.490788074969 114123.0
483.63712650961344 116086.0
483.78340637634886 118375.0
483.92962754289 120885.0
484.0757898769518 122656.0
484.22189324624895 123123.0
484.3679375184964 122922.0
484.5139225614089 123757.0
484.65984824270123 126432.0
484.8057144300883 129637.0
484.9515209912849 133380.0
485.0972677940058 137772.0
485.24295470596593 141740.0
485.38858159488 144949.0
485.5341483284629 147247.0
485.67965477442937 148052.0
485.82510080049434 147413.0
485.97048627437243 146392.0
486.1158110637787 143052.0
486.2610750364279 137214.0
486.4062780600348 129473.0
486.5514200023143 119225.0
486.69650073098103 109088.0
486.84152011375005 97773.0
486.98647801833596 86488.0
487.13137431245383 75535.0
487.27620886381817 65559.0
487.42098154014406 56491.0
487.5656922091462 49110.0
487.7103407385395 42802.0
487.8549269960387 37609.0
487.99945084935865 33221.0
488.14391216621414 29034.0
488.28831081431997 25216.0
488.43264666139106 21780.0
488.57691957514214 18731.0
488.72112942328806 16159.0
488.86527607354367 14063.0
489.0093593936237 12766.0
489.1533792512431 11846.0
489.29733551411664 11329.0
489.4412280499591 11153.0
489.58505672648516 10843.0
489.72882141141 10743.0
489.87252197244817 10768.0
490.01615827731456 10707.0
490.159730193724 10614.0
490.30323758939124 10643.0
490.4466803320313 10580.0
490.5900582893587 10722.0
490.7333713290885 10598.0
490.8766193189354 10625.0
491.0198021266143 10559.0
491.16291961983995 10590.0
491.30597166632725 10591.0
491.44895813379094 10560.0
491.5918788899459 10555.0
491.73473380250687 10603.0
491.8775227391887 11134.0
492.02024556770635 10567.0
492.1629021557744 10620.0
492.30549237110785 10548.0
492.44801608142143 10542.0
492.59047315443 10623.0
492.73286345784834 10492.0
492.87518685939136 10491.0
493.0174432267738 10510.0
493.15963242771045 10502.0
493.30175432991626 10564.0
493.4438088011059 10554.0
493.58579570899434 10532.0
493.72771492129624 10670.0
493.86956630572655 10628.0
494.01134972999995 10473.0
494.15306506183146 10524.0
494.29471216893575 10492.0
494.43629091902767 10614.0
494.57780117982213 10464.0
494.7192428190337 10537.0
494.86061570437755 10758.0
495.0019197035682 10564.0
495.1431546843206 10462.0
495.2843205143496 10572.0
495.42541706137 10546.0
495.5664441930965 10545.0
495.70740177724406 10554.0
495.8482896815276 10509.0
495.98910777366166 10543.0
496.1298559213613 10577.0
496.27053399234114 10561.0
496.41114185431616 10518.0
496.5516793750011 10611.0
496.6921464221108 10582.0
496.83254286335995 10499.0
496.97286856646366 10541.0
497.1131233991366 10464.0
497.2533072290934 10550.0
497.3934199240493 10665.0
497.5334613517187 10491.0
497.67343137981675 10499.0
497.813329876058 10510.0
497.9531567081574 10533.0
498.0929117438298 10600.0
498.23259485078995 10593.0
498.37220589675286 10505.0
498.5117447494329 10688.0
498.6512112765454 10542.0
498.7906053458049 10656.0
498.9299268249262 10513.0
499.06917558162434 10505.0
499.20835148361397 10530.0
499.34745439860984 10561.0
499.48648419432686 10556.0
499.62544073848005 10660.0
499.76432389878386 10514.0
499.90313354295336 10562.0
500.0418695387033 10540.0
500.1805317537485 10670.0
500.31912005580375 10600.0
500.45763431258393 10640.0
500.5960743918038 10532.0
500.7344401611782 10556.0
500.872731488422 10509.0
501.01094824124993 10508.0
501.14909028737696 10758.0
501.2871574945177 10529.0
501.4251497303872 10487.0
501.5630668627001 10482.0
501.7009087591712 10492.0
501.8386752875155 10419.0
501.9763663154477 10492.0
502.11398171068265 10516.0
502.25152134093514 10551.0
502.38898507392 10523.0
502.52637277735204 10515.0
502.66368431894614 10562.0
502.8009195664171 10550.0
502.93807838747966 10496.0
503.0751606498488 10484.0
503.21216622123916 10566.0
503.3490949693656 10510.0
503.485946761943 10529.0
503.6227214666862 10566.0
503.75941895130995 10491.0
503.8960390835291 10491.0
504.03258173105854 10509.0
504.169046761613 10495.0
504.3054340429073 10517.0
504.4417434426562 10536.0
504.5779748285747 10505.0
504.7141280683775 10508.0
504.85020302977944 10479.0
504.9861995804953 10536.0
505.12211758824003 10578.0
505.2579569207283 10529.0
505.39371744567495 10512.0
505.5293990307949 10522.0
505.6650015438029 10520.0
505.8005248524138 10557.0
505.93596882434224 10558.0
506.07133332730336 10581.0
506.20661822901184 10483.0
506.34182339718245 10465.0
506.47694869953 10553.0
506.6119940037693 10595.0
506.7469591776154 10545.0
506.88184408878277 10520.0
507.01664860498653 10507.0
507.1513725939412 10501.0
507.28601592336184 10528.0
507.4205784609634 10458.0
507.5550600744602 10526.0
507.6894606315675 10714.0
507.82378 10478.0
507.9580180474725 10559.0
508.0921746416997 10532.0
508.2262496503967 10528.0
508.36024294127805 10536.0
508.4941543820588 10534.0
508.6279838404535 10474.0
508.76173118417717 10474.0
508.8953962809446 10501.0
509.02897899847056 10465.0
509.16247920447006 10534.0
509.2958967666575 10567.0
509.42923155274826 10445.0
509.5624834304566 10512.0
509.69565226749774 10632.0
509.8287379315862 10518.0
509.96174029043715 10558.0
510.0946592117651 10512.0
510.22749456328495 10535.0
510.36024621271173 10515.0
510.49291402776 10575.0
510.6254978761447 10533.0
510.7579976255805 10485.0
510.89041314378244 10468.0
511.0227442984652 10526.0
