3.550815825600624862e+02 3.005726952747969053e-19
3.552311159520597812e+02 3.672522617798664091e-19
3.553807000437066677e+02 3.898068513391470897e-19
3.555303347027181076e+02 3.968596204983537384e-19
3.556800197968087218e+02 3.959267743751231648e-19
3.558297551936934724e+02 3.966230639206328344e-19
3.559795407610871507e+02 4.032410370601747772e-19
3.561293763667046051e+02 4.159800115306693809e-19
3.562792618782606269e+02 4.331185906496465020e-19
3.564291971634699507e+02 4.537317510712394487e-19
3.565791820900475955e+02 4.783019271722782948e-19
3.567292165257081820e+02 5.034976592525782240e-19
3.568793003381666153e+02 5.257090341291822541e-19
3.570294333951376302e+02 5.412311835067969278e-19
3.571796155643362454e+02 5.470987723341085135e-19
3.573298467134771386e+02 5.423247695609119639e-19
3.574801267102751012e+02 5.308705369217740265e-19
3.576304554224449817e+02 5.162898833239265470e-19
3.577808327177017418e+02 5.008172250705131219e-19
3.579312584637600025e+02 4.868896904065019738e-19
3.580817325283347259e+02 4.737362676949208160e-19
3.582322547791405327e+02 4.610588230372761563e-19
3.583828250838924419e+02 4.489563967635924053e-19
3.585334433103052447e+02 4.364979233428627957e-19
3.586841093260937328e+02 4.249842762843628552e-19
3.588348229989726974e+02 4.160767725858359708e-19
3.589855841966570438e+02 4.107461965496869682e-19
3.591363927868614496e+02 4.094357020587203827e-19
3.592872486373008201e+02 4.110401031594178925e-19
3.594381516156900034e+02 4.131175910258795335e-19
3.595891015897437342e+02 4.143657455018455439e-19
3.597400984271769175e+02 4.167862132370241913e-19
3.598911419957044018e+02 4.214387946239711876e-19
3.600422321630408646e+02 4.300427955980088786e-19
3.601933687969012112e+02 4.437231690499656693e-19
3.603445517650003467e+02 4.604772649184770545e-19
3.604957809350528919e+02 4.778404615304311861e-19
3.606470561747738657e+02 4.930508682011950699e-19
3.607983773518779458e+02 5.036567771547146275e-19
3.609497443340799805e+02 5.077353990146426024e-19
3.611011569890948749e+02 5.049773347081684076e-19
3.612526151846373068e+02 4.977988049943136448e-19
3.614041187884222950e+02 4.887890414253662682e-19
3.615556676681644603e+02 4.810939802048055680e-19
3.617072616915787648e+02 4.772417442547940948e-19
3.618589007263799431e+02 4.774415201685835668e-19
3.620105846402828433e+02 4.804998006569154508e-19
3.621623133010022570e+02 4.846440379442815707e-19
3.623140865762529756e+02 4.876437307121588809e-19
3.624659043337500179e+02 4.892480698225745811e-19
3.626177664412079480e+02 4.897851133464400215e-19
3.627696727663417278e+02 4.885866595608426315e-19
3.629216231768661487e+02 4.868589415285323786e-19
3.630736175404960591e+02 4.833236745984476501e-19
3.632256557249462503e+02 4.764888445955713885e-19
3.633777375979315707e+02 4.678678918446152959e-19
3.635298630271667548e+02 4.600863839230674993e-19
3.636820318803665941e+02 4.567067503715281819e-19
3.638342440252461074e+02 4.610227209608584000e-19
3.639864993295199724e+02 4.735851078933029872e-19
3.641387976609030375e+02 4.922959110808756546e-19
3.642911388871101508e+02 5.138529316433133637e-19
3.644435228758560470e+02 5.356649225234015115e-19
3.645959494948556880e+02 5.569683940169472904e-19
3.647484186118237517e+02 5.774541804717452944e-19
3.649009300944751431e+02 5.957280941152086486e-19
3.650534838105245967e+02 6.099315837706076199e-19
3.652060796276870178e+02 6.176450878506482424e-19
3.653587174136771978e+02 6.157987758440542733e-19
3.655113970362099849e+02 6.042851752217470369e-19
3.656641183630001706e+02 5.855889194157001081e-19
3.658168812617625463e+02 5.603005617871937127e-19
3.659696856002119603e+02 5.323867489990806989e-19
3.661225312460632608e+02 5.060432497656667281e-19
3.662754180670312394e+02 4.857340165935642518e-19
3.664283459308306874e+02 4.754630618331855821e-19
3.665813147051765100e+02 4.761698344735849494e-19
3.667343242577833848e+02 4.863748581241394977e-19
3.668873744563662740e+02 5.035167277551633090e-19
3.670404651686399689e+02 5.222914881126011078e-19
3.671935962623192609e+02 5.375899463071331281e-19
3.673467676051189983e+02 5.470395546338516249e-19
3.674999790647538589e+02 5.502832592483139202e-19
3.676532305089388615e+02 5.493850919665774576e-19
3.678065218053887406e+02 5.463807638425583008e-19
3.679598528218182878e+02 5.423983210833863098e-19
3.681132234259424081e+02 5.369281904659425328e-19
3.682666334854758361e+02 5.298042271275034563e-19
3.684200828681334201e+02 5.231942433373780077e-19
3.685735714416300084e+02 5.187421649114726634e-19
3.687270990736803924e+02 5.177821553270204602e-19
3.688806656319993635e+02 5.214490571749706837e-19
3.690342709843017701e+02 5.263903440728467110e-19
3.691879149983024604e+02 5.293860052371348330e-19
3.693415975417162258e+02 5.283635399012367257e-19
3.694953184822579146e+02 5.252079679116972145e-19
3.696490776876422615e+02 5.233181716811887614e-19
3.698028750255842283e+02 5.225248149329457681e-19
3.699567103637985497e+02 5.220966881621949756e-19
3.701105835700000171e+02 5.185923553966563251e-19
3.702644945119035356e+02 5.092536923633997383e-19
3.704184430572237261e+02 4.962885534355076872e-19
3.705724290736756643e+02 4.846180383679254735e-19
3.707264524289740848e+02 4.795791111641696587e-19
3.708805129908337221e+02 4.831509827945470112e-19
3.710346106269694815e+02 4.960509563485460375e-19
3.711887452050962111e+02 5.164461689819235717e-19
3.713429165929286455e+02 5.406234249231593445e-19
3.714971246581816331e+02 5.675612226699761582e-19
3.716513692685700221e+02 5.928415598770903238e-19
3.718056502918085471e+02 6.116639566400140553e-19
3.719599675956121132e+02 6.245551387723580454e-19
3.721143210476955687e+02 6.315423280061954837e-19
3.722687105157736482e+02 6.323884691014753754e-19
3.724231358675612569e+02 6.275340060120846957e-19
3.725775969707731292e+02 6.148902616408793358e-19
3.727320936931241135e+02 5.964220307437923688e-19
3.728866259023290581e+02 5.765290282823580514e-19
3.730411934661027544e+02 5.581098389331869049e-19
3.731957962521599939e+02 5.438595719734036969e-19
3.733504341282156247e+02 5.357741683227903901e-19
3.735051069619845521e+02 5.339836200305899010e-19
3.736598146211814537e+02 5.358736645169302373e-19
3.738145569735212916e+02 5.366996930965376394e-19
3.739693338867187435e+02 5.313499932674734105e-19
3.741241452284887146e+02 5.189952453284063566e-19
3.742789908665460530e+02 5.050006789949429129e-19
3.744338706686054365e+02 4.944905907069150995e-19
3.745887845023818272e+02 4.934338140292114560e-19
3.747437322355899596e+02 5.047475290916400212e-19
3.748987137359447388e+02 5.261528362135131462e-19
3.750537288711609563e+02 5.525089011551526114e-19
3.752087775089533466e+02 5.781802856134153663e-19
3.753638595170368717e+02 5.977522802142691098e-19
3.755189747631262662e+02 6.116691026471789923e-19
3.756741231149363216e+02 6.272886087230340752e-19
3.758293044401819429e+02 6.477596293280988391e-19
3.759845186065778080e+02 6.692691306375006916e-19
3.761397654818389356e+02 6.865527967215797229e-19
3.762950449336800034e+02 6.908688401080946548e-19
3.764503568298158598e+02 6.790246506020707679e-19
3.766057010379613530e+02 6.555937004510697943e-19
3.767610774258312745e+02 6.267124353275927188e-19
3.769164858611405293e+02 5.944521798171479953e-19
3.770719262116037953e+02 5.632225982495585181e-19
3.772273983449359207e+02 5.375053410055019418e-19
3.773829021288518106e+02 5.188555951280090874e-19
3.775384374310661997e+02 5.096985675030978985e-19
3.776940041192940498e+02 5.064649864364300822e-19
3.778496020612499819e+02 5.046648348589937851e-19
3.780052311246489580e+02 5.041074695945638472e-19
3.781608911772057695e+02 5.029926211949565595e-19
3.783165820866352078e+02 5.048401449175619424e-19
3.784723037206521212e+02 5.102361103713849196e-19
3.786280559469712443e+02 5.174538325152353787e-19
3.787838386333074823e+02 5.285920501740352087e-19
3.789396516473756833e+02 5.447042549264501462e-19
3.790954948568906389e+02 5.684763430706758226e-19
3.792513681295671404e+02 5.982574670077794457e-19
3.794072713331199793e+02 6.287835513008555691e-19
3.795632043352640608e+02 6.530805130456466282e-19
3.797191670037141762e+02 6.646644177127050746e-19
3.798751592061851170e+02 6.643825841370751299e-19
3.800311808103916178e+02 6.573067295789622205e-19
3.801872316840486974e+02 6.488098615435263814e-19
3.803433116948710904e+02 6.418810752680483136e-19
3.804994207105735882e+02 6.345424587522352447e-19
3.806555585988710391e+02 6.258429260248815520e-19
3.808117252274782345e+02 6.152997348321566636e-19
3.809679204641099659e+02 6.044835226993064407e-19
3.811241441764811952e+02 5.968256420190489535e-19
3.812803962323065434e+02 5.928492863506585783e-19
3.814366764993009724e+02 5.905106743499203405e-19
3.815929848451792168e+02 5.894805535974483209e-19
3.817493211376562385e+02 5.894122263801445107e-19
3.819056852444467154e+02 5.846063421648215547e-19
3.820620770332655525e+02 5.749735682274245750e-19
3.822184963718274844e+02 5.625083756442187958e-19
3.823749431278473594e+02 5.492893855057233056e-19
3.825314171690399689e+02 5.403982209797739767e-19
3.826879183631202181e+02 5.382526695455790908e-19
3.828444465778029553e+02 5.422047252141084019e-19
3.830010016808028581e+02 5.475888642794530193e-19
3.831575835398348318e+02 5.540411375221749681e-19
3.833141920226137245e+02 5.644316251831065612e-19
3.834708269968543277e+02 5.769057764479280764e-19
3.836274883302714329e+02 5.894133936163578135e-19
3.837841758905798883e+02 6.010044056583084216e-19
3.839408895454944286e+02 6.101330642073966681e-19
3.840976291627299588e+02 6.174914899076928877e-19
3.842543946100013272e+02 6.271099443190449947e-19
3.844111857550233253e+02 6.405557737161324636e-19
3.845680024655107445e+02 6.491533693555279660e-19
3.847248446091784899e+02 6.478292388333801858e-19
3.848817120537412393e+02 6.391088857834591687e-19
3.850386046669139546e+02 6.248677150180128399e-19
3.851955223164113136e+02 6.159744459921969369e-19
3.853524648699482213e+02 6.153885335529323485e-19
3.855094321952394694e+02 6.146048730224928009e-19
3.856664241599999627e+02 6.105215373360643691e-19
3.858234406319444929e+02 5.964278911517337951e-19
3.859804814787877376e+02 5.745614899743174778e-19
3.861375465682446588e+02 5.538502850743526509e-19
3.862946357680301048e+02 5.405865065530557730e-19
3.864517489458587534e+02 5.392881529228861545e-19
3.866088859694455095e+02 5.492517432880104007e-19
3.867660467065052217e+02 5.667049423808223716e-19
3.869232310247526243e+02 5.865254821281514577e-19
3.870804387919026226e+02 6.025746869035684880e-19
3.872376698756699511e+02 6.145462380182081247e-19
3.873949241437695719e+02 6.235736927898646662e-19
3.875522014639161625e+02 6.284204668459791811e-19
3.877095017038245715e+02 6.286608521418700262e-19
3.878668247312097037e+02 6.248873541093739942e-19
3.880241704137862939e+02 6.166371343414958737e-19
3.881815386192691335e+02 6.071032695186658563e-19
3.883389292153730707e+02 6.009075876535471616e-19
3.884963420698130108e+02 6.015250902987035574e-19
3.886537770503036882e+02 6.094732599853065569e-19
3.888112340245600080e+02 6.220866628796472918e-19
3.889687128602966482e+02 6.340009468186627663e-19
3.891262134252285705e+02 6.390883905240932532e-19
3.892837355870705096e+02 6.347565316268592033e-19
3.894412792135372570e+02 6.260790840915629536e-19
3.895988441723437745e+02 6.181750298714369876e-19
3.897564303312046832e+02 6.154062862541583934e-19
3.899140375578350017e+02 6.187316418160712612e-19
3.900716657199494080e+02 6.223899968779048445e-19
3.902293146852628070e+02 6.232149928798927319e-19
3.903869843214899902e+02 6.199839353717078944e-19
3.905446744963457490e+02 6.137671472395817844e-19
3.907023850775449887e+02 6.101386946659187854e-19
3.908601159328023869e+02 6.094781283822038663e-19
3.910178669298329055e+02 6.142028312063923515e-19
3.911756379363512224e+02 6.287502594681630951e-19
3.913334288200722995e+02 6.521154678222458310e-19
3.914912394487109282e+02 6.760665738934940375e-19
3.916490696899818431e+02 6.903842418446452071e-19
3.918069194115998926e+02 6.884876211196725644e-19
3.919647884812799816e+02 6.713580455587430068e-19
3.921226767667369018e+02 6.527726247126673174e-19
3.922805841356853875e+02 6.410830576267115983e-19
3.924385104558402872e+02 6.325018701170329974e-19
3.925964555949165060e+02 6.197655694129652265e-19
3.927544194206287784e+02 6.002020794012610643e-19
3.929124018006918959e+02 5.758554804161763663e-19
3.930704026028208204e+02 5.557973695437590889e-19
3.932284216947302866e+02 5.468871916579873678e-19
3.933864589441350290e+02 5.474835422938618845e-19
3.935445142187500096e+02 5.535005402363465211e-19
3.937025873862899630e+02 5.560515719778005721e-19
3.938606783144697943e+02 5.525959069399407867e-19
3.940187868710041812e+02 5.465287399026375795e-19
3.941769129236080289e+02 5.393204172819240298e-19
3.943350563399962425e+02 5.364777897015195767e-19
3.944932169878834998e+02 5.415434316259711071e-19
3.946513947349847058e+02 5.530084915756903127e-19
3.948095894490146520e+02 5.718558945883979094e-19
3.949678009976881299e+02 5.978072925630642252e-19
3.951260292487199877e+02 6.225877527387205042e-19
3.952842740698250168e+02 6.457443883056328826e-19
3.954425353287181224e+02 6.663580902167133532e-19
3.956008128931140959e+02 6.732148948866661803e-19
3.957591066307276719e+02 6.686159211244024624e-19
3.959174164092737556e+02 6.531742641193362711e-19
3.960757420964671383e+02 6.251795987524908919e-19
3.962340835600226683e+02 5.953086061342552402e-19
3.963924406676550802e+02 5.715811224934995086e-19
3.965508132870791655e+02 5.545536936025616129e-19
3.967092012860099999e+02 5.456878268555343593e-19
3.968676045321621473e+02 5.424819145327631582e-19
3.970260228932505129e+02 5.408862541179271278e-19
3.971844562369899450e+02 5.465696066698953509e-19
3.973429044310952918e+02 5.611601502001351957e-19
3.975013673432812311e+02 5.894576262568860572e-19
3.976598448412627249e+02 6.262268745646097005e-19
3.978183367927545646e+02 6.609153769607637477e-19
3.979768430654714280e+02 6.941078610068838901e-19
3.981353635271282769e+02 7.132272904097069328e-19
3.982938980454399598e+02 7.164706121518411114e-19
3.984524464881212680e+02 6.993365523188280484e-19
3.986110087228869361e+02 6.611616382446831565e-19
3.987695846174518692e+02 6.172589913201582276e-19
3.989281740395308589e+02 5.821471379385955222e-19
3.990867768568387532e+02 5.676836278545133814e-19
3.992453929370903438e+02 5.724417968284495207e-19
3.994040221480003652e+02 5.933406327982608456e-19
3.995626643572838361e+02 6.265559470314614220e-19
3.997213194326553776e+02 6.589911889996935158e-19
3.998799872418299515e+02 6.859423630294836992e-19
4.000386676525223493e+02 7.057339917656753444e-19
4.001973605324473624e+02 7.098989314644811739e-19
4.003560657493197823e+02 7.072623264429220675e-19
4.005147831708544572e+02 7.059518613777373975e-19
4.006735126647662923e+02 7.031413269694620745e-19
4.008322540987698517e+02 7.017411720551432949e-19
4.009910073405802677e+02 6.962406857485538908e-19
4.011497722579122183e+02 6.858087599227125175e-19
4.013085487184804947e+02 6.702358989179586549e-19
4.014673365900000022e+02 6.521184418277191732e-19
4.016261357401854752e+02 6.345203144032176222e-19
4.017849460367517622e+02 6.134521926776070742e-19
4.019437673474137114e+02 5.906296340125155559e-19
4.021025995398861141e+02 5.687945422642222634e-19
4.022614424818837620e+02 5.470409207028532153e-19
4.024202960411215031e+02 5.334059158706754126e-19
4.025791600853141858e+02 5.247781661944491499e-19
4.027380344821766016e+02 5.186583873371174004e-19
4.028969190994236556e+02 5.168251315529447412e-19
4.030558138047700254e+02 5.165714120957237913e-19
4.032147184659306163e+02 5.198228135321848729e-19
4.033736329506201628e+02 5.361879928997176662e-19
4.035325571265536269e+02 5.649454273155049212e-19
4.036914908614456863e+02 5.911050967256158301e-19
4.038504340230112462e+02 6.093093471612715574e-19
4.040093864789650979e+02 6.129851280849649598e-19
4.041683480970220899e+02 6.024285248981392274e-19
4.043273187448970134e+02 5.970748632091115825e-19
4.044862982903047168e+02 6.072753528252218554e-19
4.046452866009600484e+02 6.319822126430632044e-19
4.048042835445776859e+02 6.692255891919756960e-19
4.049632889888725344e+02 6.960256932559848120e-19
4.051223028015594991e+02 6.994202730980560230e-19
4.052813248503532577e+02 6.777496182833873092e-19
4.054403550029687153e+02 6.368299870468430232e-19
4.055993931271207202e+02 5.992579474622298826e-19
4.057584390905240070e+02 5.752460414873805206e-19
4.059174927608934240e+02 5.621907199525031222e-19
4.060765540059438194e+02 5.508312109688610277e-19
4.062356226933899848e+02 5.330096092550178175e-19
4.063946986909467682e+02 5.089110192587017001e-19
4.065537818663289045e+02 4.863708000549090443e-19
4.067128720872513554e+02 4.681718301845465805e-19
4.068719692214288557e+02 4.597565271206696878e-19
4.070310731365762535e+02 4.609028311981084599e-19
4.071901837004083404e+02 4.692578253786928317e-19
4.073493007806399078e+02 4.871670926088921203e-19
4.075084242449858607e+02 5.239527323869147126e-19
4.076675539611609338e+02 5.706258011610454527e-19
4.078266897968800322e+02 6.320323385697876528e-19
4.079858316198578336e+02 6.969085159890234210e-19
4.081449792978093569e+02 7.344449348469353362e-19
4.083041326984492798e+02 7.486519000302845897e-19
4.084632916894925074e+02 7.327630527429800460e-19
4.086224561386537744e+02 6.979597649952995685e-19
4.087816259136479289e+02 6.678347112900291621e-19
4.089408008821898193e+02 6.517833693204765039e-19
4.090999809119942370e+02 6.463732349183239314e-19
4.092591658707760303e+02 6.464782168779038227e-19
4.094183556262499337e+02 6.425776078195305569e-19
4.095775500461309093e+02 6.327795775059849244e-19
4.097367489981337485e+02 6.279743272788762764e-19
4.098959523499731858e+02 6.398020256808999652e-19
4.100551599693640696e+02 6.672306418595218575e-19
4.102143717240213050e+02 6.921995076928730524e-19
4.103735874816595697e+02 7.061040931989816370e-19
4.105328071099937119e+02 7.034178909677309859e-19
4.106920304767386938e+02 6.801834689009658292e-19
4.108512574496090792e+02 6.505403165440909899e-19
4.110104878963200008e+02 6.141633181504816012e-19
4.111697216845860225e+02 5.745125034285382418e-19
4.113289586821221064e+02 5.452023522614402142e-19
4.114881987566431008e+02 5.290985991448768300e-19
4.116474417758637401e+02 5.188796275035731671e-19
4.118066876074987590e+02 5.149930434026269405e-19
4.119659361192630627e+02 5.166582284672255549e-19
4.121251871788715562e+02 5.261077059462560227e-19
4.122844406540390310e+02 5.478930813873442139e-19
4.124436964124802216e+02 5.784296600032219954e-19
4.126029543219099764e+02 6.191720244926414403e-19
4.127622142500431437e+02 6.648184767719054615e-19
4.129214760645945717e+02 7.182052503661770583e-19
4.130807396332789949e+02 7.767026960993510743e-19
4.132400048238113186e+02 8.113406812718867638e-19
4.133992715039062205e+02 8.136297525262733791e-19
4.135585395412786625e+02 7.758276761271120342e-19
4.137178088036434929e+02 7.067529781052805476e-19
4.138770791587154463e+02 6.345990915543541468e-19
4.140363504742093710e+02 5.833156700830266095e-19
4.141956226178400016e+02 5.588224023029738990e-19
4.143548954573222431e+02 5.608290182454289955e-19
4.145141688603710008e+02 5.757558935470273030e-19
4.146734426947008956e+02 5.860695507531494287e-19
4.148327168280268893e+02 5.822270481276352687e-19
4.149919911280637166e+02 5.645235822780479188e-19
4.151512654625262826e+02 5.353562033611376793e-19
4.153105396991294356e+02 5.010253856471427854e-19
4.154698137055878533e+02 4.765801017446114392e-19
4.156290873496164409e+02 4.589963062129972681e-19
4.157883604989299897e+02 4.518953865034568989e-19
4.159476330212434050e+02 4.531335704365562388e-19
4.161069047842714212e+02 4.555835396338731132e-19
4.162661756557287731e+02 4.601157125413702424e-19
4.164254455033304794e+02 4.630246896084695324e-19
4.165847141947912178e+02 4.688803496748145355e-19
4.167439815978258935e+02 4.824089870409340038e-19
4.169032475801492978e+02 5.001205786461292304e-19
4.170625120094762792e+02 5.164046912994359083e-19
4.172217747535215153e+02 5.270484382920572862e-19
4.173810356800000250e+02 5.304786539206422930e-19
4.175402946566264859e+02 5.299333431062204700e-19
4.176995515511156896e+02 5.332060716308392669e-19
4.178588062311826548e+02 5.382965767589103663e-19
4.180180585645420592e+02 5.459659901755620700e-19
4.181773084189087513e+02 5.602168679409324599e-19
4.183365556619975223e+02 5.643674708172303202e-19
4.184958001615232206e+02 5.575934776461758502e-19
4.186550417852006376e+02 5.414069327469834765e-19
4.188142804007446216e+02 5.334813489312340923e-19
4.189735158758700209e+02 5.430160437882340388e-19
4.191327480782915131e+02 5.685314012061027461e-19
4.192919768757241172e+02 6.015432954949225721e-19
4.194512021358825677e+02 6.183094443980763486e-19
4.196104237264816561e+02 6.214395743430355588e-19
4.197696415152362306e+02 6.191890723419969716e-19
4.199288553698611395e+02 6.160070188287870668e-19
4.200880651580711174e+02 6.146735782415457356e-19
4.202472707475810694e+02 6.199312062579878331e-19
4.204064720061057301e+02 6.257631980324689966e-19
4.205656688013600046e+02 6.306271166650277827e-19
4.207248610010586276e+02 6.297164334044384974e-19
4.208840484729165041e+02 6.195837047439439790e-19
4.210432310846484825e+02 5.946052239923676371e-19
4.212024087039692404e+02 5.678157011544698886e-19
4.213615811985937398e+02 5.593854452425593015e-19
4.215207484362367154e+02 5.737405403011167177e-19
4.216799102846130154e+02 6.007022758232635755e-19
4.218390666114374312e+02 6.252776990674190014e-19
4.219982172844248112e+02 6.344024938119211285e-19
4.221573621712899467e+02 6.254455405499647271e-19
4.223165011397477429e+02 6.096494790247772106e-19
4.224756340575129911e+02 5.915611466375320166e-19
4.226347607923003693e+02 5.780066674859747714e-19
4.227938812118248393e+02 5.813614772110941619e-19
4.229529951838013062e+02 5.924380394715581318e-19
4.231121025759442773e+02 6.081380812989343631e-19
4.232712032559689419e+02 6.229189636922082986e-19
4.234302970915898072e+02 6.294729593720757308e-19
4.235893839505218921e+02 6.383678961667207149e-19
4.237484637004799879e+02 6.439095733907072903e-19
4.239075362091788861e+02 6.540229198058957500e-19
4.240666013443333782e+02 6.651762497588113372e-19
4.242256589736583123e+02 6.698152752605564304e-19
4.243847089648685369e+02 6.743773880834082582e-19
4.245437511856786728e+02 6.625088006517395253e-19
4.247027855038039661e+02 6.331305192114643161e-19
4.248618117869587536e+02 5.933940231277152031e-19
4.250208299028582246e+02 5.525539259908072256e-19
4.251798397192170000e+02 5.170204282880188686e-19
4.253388411037499850e+02 4.844845657807687252e-19
4.254978339241719709e+02 4.577852763713463484e-19
4.256568180481978061e+02 4.304453540800855982e-19
4.258157933435421683e+02 4.080252673321356184e-19
4.259747596779200762e+02 3.922708330965098915e-19
4.261337169190463214e+02 3.795602240317244021e-19
4.262926649346355248e+02 3.718652315679530818e-19
4.264516035924027051e+02 3.760946051208441353e-19
4.266105327600625969e+02 4.024329777846135478e-19
4.267694523053301623e+02 4.484078747276561397e-19
4.269283620959199652e+02 5.097686105846047262e-19
4.270872619995470814e+02 5.645028176067371333e-19
4.272461518839261885e+02 5.983939896189929789e-19
4.274050316167720780e+02 6.161745735780677150e-19
4.275639010657997119e+02 6.214580435035333583e-19
4.277227600987237111e+02 6.235988618138012862e-19
4.278816085832591511e+02 6.193718948066002120e-19
4.280404463871205962e+02 6.099691164982875029e-19
4.281992733780230083e+02 5.847719054171073800e-19
4.283580894236812355e+02 5.564440598397447874e-19
4.285168943918100126e+02 5.284760841444216958e-19
4.286756881501241878e+02 4.956204848176019815e-19
4.288344705663384957e+02 4.661105149106538659e-19
4.289932415081680119e+02 4.346773067593636548e-19
4.291520008433272437e+02 4.035363237782053110e-19
4.293107484395312099e+02 3.794332674282129047e-19
4.294694841644947019e+02 3.656329628887791125e-19
4.296282078859325111e+02 3.702341009535793906e-19
4.297869194715594858e+02 3.941202295303724355e-19
4.299456187890903038e+02 4.431270564307859162e-19
4.301043057062400408e+02 5.043714150464601060e-19
4.302629800907232607e+02 5.600150154722807063e-19
4.304216418102549824e+02 6.093911570784912877e-19
4.305802907325498836e+02 6.392313266368163855e-19
4.307389267253228695e+02 6.506915392886226975e-19
4.308975496562887315e+02 6.500644129992605850e-19
4.310561593931623179e+02 6.324590089452747442e-19
4.312147558036584201e+02 6.035845125439684224e-19
4.313733387554918295e+02 5.724088433533780313e-19
4.315319081163774513e+02 5.384814409768681119e-19
4.316904637540299632e+02 5.009830905898669251e-19
4.318490055361644409e+02 4.618817014542691821e-19
4.320075333304953347e+02 4.241239272885384794e-19
4.321660470047377771e+02 3.943933446930849659e-19
4.323245464266065028e+02 3.775228971119548273e-19
4.324830314638162463e+02 3.766258383494694432e-19
4.326415019840819127e+02 3.912193777954705239e-19
4.327999578551183504e+02 4.137071319691564707e-19
4.329583989446402938e+02 4.451224243580698462e-19
4.331168251203624777e+02 4.760589156584196864e-19
4.332752362499999776e+02 5.089742821339047159e-19
4.334336322012674714e+02 5.398803067433795974e-19
4.335920128418797503e+02 5.591982023078651085e-19
4.337503780395516628e+02 5.650972340366696319e-19
4.339087276619980571e+02 5.558011906099790197e-19
4.340670615769337815e+02 5.423236738088239168e-19
4.342253796520735136e+02 5.423720553251630822e-19
4.343836817551322724e+02 5.800552561815377280e-19
4.345419677538246219e+02 6.536125918825577533e-19
4.347002375158656378e+02 7.331167186658335366e-19
4.348584909089699977e+02 7.955602933708619776e-19
4.350167278008525500e+02 8.074119118556087576e-19
4.351749480592281998e+02 7.701930471855474907e-19
4.353331515518115680e+02 7.197287227475054536e-19
4.354913381463176734e+02 6.659686807227299811e-19
4.356495077104612506e+02 6.296637704096320602e-19
4.358076601119571478e+02 6.005194781157981687e-19
4.359657952185200998e+02 5.702612773965088869e-19
4.361239128978650115e+02 5.442561732472886013e-19
4.362820130177067313e+02 5.160869463590508835e-19
4.364400954457599937e+02 4.909035271996389253e-19
4.365981600497397039e+02 4.646843399711031076e-19
4.367562066973605965e+02 4.325322214539180375e-19
4.369142352563375198e+02 3.948293149672871369e-19
4.370722455943852651e+02 3.581174160712905086e-19
4.372302375792187945e+02 3.302267345300349579e-19
4.373882110785526720e+02 3.122454826179399061e-19
4.375461659601020301e+02 3.004118763890842292e-19
4.377041020915814329e+02 2.945227441781547305e-19
4.378620193407058423e+02 2.952731010026277638e-19
4.380199175751899929e+02 3.102192052997279144e-19
4.381777966627487899e+02 3.534033706620352702e-19
4.383356564710970247e+02 4.240395659852880709e-19
4.384934968679493750e+02 5.165256806358936027e-19
4.386513177210209165e+02 6.036036779955595475e-19
4.388091188980262132e+02 6.736893956757109588e-19
4.389669002666802839e+02 7.227176019378278311e-19
4.391246616946979202e+02 7.383653945692109515e-19
4.392824030497937997e+02 7.319272781213251212e-19
4.394401241996829413e+02 7.078936735025092060e-19
4.395978250120800226e+02 6.722735566811364174e-19
4.397555053546998920e+02 6.281732449433495185e-19
4.399131650952572841e+02 5.837776938058512602e-19
4.400708041014673313e+02 5.270608033073450710e-19
4.402284222410444841e+02 4.684072653958296375e-19
4.403860193817037043e+02 4.217120431641234847e-19
4.405435953911599540e+02 3.914332732498686944e-19
4.407011501371277973e+02 3.777101099603246525e-19
4.408586834873222529e+02 3.632674985181736127e-19
4.410161953094580554e+02 3.461389913021421096e-19
4.411736854712500531e+02 3.248689781351451949e-19
4.413311538404129237e+02 3.006787653679244217e-19
4.414886002846617998e+02 2.817922531220480379e-19
4.416460246717111318e+02 2.781999450388106995e-19
4.418034268692760520e+02 2.828041761023222515e-19
4.419608067450712383e+02 2.902587211367787740e-19
4.421181641668114821e+02 3.030835813530096755e-19
4.422754990022117454e+02 3.111216737062952484e-19
4.424328111189866490e+02 3.208381183244503756e-19
4.425901003848511550e+02 3.360228756688884567e-19
4.427473666675199411e+02 3.491816202087642698e-19
4.429046098347080829e+02 3.615967876832215874e-19
4.430618297541301445e+02 3.743269366039991761e-19
4.432190262935010878e+02 3.840841064904501476e-19
4.433761993205357044e+02 3.940280299343889947e-19
4.435333487029487287e+02 3.987828751121956557e-19
4.436904743084551228e+02 4.094342545821826832e-19
4.438475760047696212e+02 4.339463570758942918e-19
4.440046536596070723e+02 4.691883196799014036e-19
4.441617071406822106e+02 5.298961812227409402e-19
4.443187363157099981e+02 6.026993362852852015e-19
4.444757410524051693e+02 6.590423452438327334e-19
4.446327212184825157e+02 6.962765496143676121e-19
4.447896766816569993e+02 6.916499833661393248e-19
4.449466073096432979e+02 6.541940952145541644e-19
4.451035129701562596e+02 6.066827058538767252e-19
4.452603935309107328e+02 5.619603219082498179e-19
4.454172488596215089e+02 5.221988430065000785e-19
4.455740788240034362e+02 4.868085481759116783e-19
4.457308832917713630e+02 4.553563553453283391e-19
4.458876621306400239e+02 4.254881320148366778e-19
4.460444152083242670e+02 3.951969721842460650e-19
4.462011423925389977e+02 3.674536135904814931e-19
4.463578435509988935e+02 3.460870176489127273e-19
4.465145185514188597e+02 3.386856838796603218e-19
4.466711672615137445e+02 3.429070614691765625e-19
4.468277895489983393e+02 3.610808752540759432e-19
4.469843852815873788e+02 3.944587007634575019e-19
4.471409543269958817e+02 4.455715209921498175e-19
4.472974965529384122e+02 5.182049607838698559e-19
4.474540118271299889e+02 6.136500572735596843e-19
4.476105000172853465e+02 7.124767185092528980e-19
4.477669609911193902e+02 7.828622312835667897e-19
4.479233946163467976e+02 8.076613730802116791e-19
4.480798007606824740e+02 7.721176786335656452e-19
4.482361792918412675e+02 6.980267870128316513e-19
4.483925300775379128e+02 6.175481331184199593e-19
4.485488529854872581e+02 5.513969160047004761e-19
4.487051478834042086e+02 5.014473224168128096e-19
4.488614146390034989e+02 4.672614627404812107e-19
4.490176531199999772e+02 4.296048711647355016e-19
4.491738631941084350e+02 3.959663656256697501e-19
4.493300447290437205e+02 3.653384915441021922e-19
4.494861975925206821e+02 3.359636145887183742e-19
4.496423216522541111e+02 3.212668553904120999e-19
4.497984167759586853e+02 3.214101231488948866e-19
4.499544828313494804e+02 3.366692807077910465e-19
4.501105196861412310e+02 3.609018645701424592e-19
4.502665272080486716e+02 3.838166805707049069e-19
4.504225052647865937e+02 3.948787914570048284e-19
4.505784537240700161e+02 3.903661380793101803e-19
4.507343724536136165e+02 3.800646603210713264e-19
4.508902613211321864e+02 3.675860971448370719e-19
4.510461201943405740e+02 3.580546950829727495e-19
4.512019489409536277e+02 3.561565991125202747e-19
4.513577474286861957e+02 3.611856213369679509e-19
4.515135155252531263e+02 3.751811984742373968e-19
4.516692530983690972e+02 3.968350409875292142e-19
4.518249600157490136e+02 4.169063623542068016e-19
4.519806361451077805e+02 4.353284359294609355e-19
4.521362813541600190e+02 4.443428580168798128e-19
4.522918955106206909e+02 4.436880421665801984e-19
4.524474784822045876e+02 4.338090911607784295e-19
4.526030301366264439e+02 4.200577011035229866e-19
4.527585503416012784e+02 4.099296687513671214e-19
4.529140389648437122e+02 4.084337813257796651e-19
4.530694958740687639e+02 4.117761433982792402e-19
4.532249209369910545e+02 4.039382975905703961e-19
4.533803140213254892e+02 3.811449683711072670e-19
4.535356749947868025e+02 3.473919337502836969e-19
4.536910037250900132e+02 3.147494061201310308e-19
4.538463000799497991e+02 2.939480989492630114e-19
4.540015639270809515e+02 2.928901441159468966e-19
4.541567951341983758e+02 3.154291336438608504e-19
4.543119935690168631e+02 3.462171454819395276e-19
4.544671590992512620e+02 3.741112933866301571e-19
4.546222915926163068e+02 3.939751740284112030e-19
4.547773909168269029e+02 3.930478631598842886e-19
4.549324569395978415e+02 3.838945803558154479e-19
4.550874895286438573e+02 3.715520231418082399e-19
4.552424885516800259e+02 3.548912657255138870e-19
4.553974538764207978e+02 3.480905593674937088e-19
4.555523853705813053e+02 3.483435705220661007e-19
4.557072829018762832e+02 3.524733489235730471e-19
4.558621463380204659e+02 3.505279301073967945e-19
4.560169755467287587e+02 3.358131534767351793e-19
4.561717703957158960e+02 3.109653699814071048e-19
4.563265307526968400e+02 2.846910612596884488e-19
4.564812564853862114e+02 2.665333344163893352e-19
4.566359474614990859e+02 2.619886295861253013e-19
4.567906035487500276e+02 2.781916203845253902e-19
4.569452246148539416e+02 3.153642888108630875e-19
4.570998105275257331e+02 3.622828060967233022e-19
4.572543611544801365e+02 4.100535582102953267e-19
4.574088763634320571e+02 4.528087383158542774e-19
4.575633560220962295e+02 4.834856929616275598e-19
4.577177999981875018e+02 4.974258730936239547e-19
4.578722081594206657e+02 4.997685679367929279e-19
4.580265803735106829e+02 4.901900059880246049e-19
4.581809165081720607e+02 4.668884007762959426e-19
4.583352164311199317e+02 4.419765050036445266e-19
4.584894800100690304e+02 4.132947854358945688e-19
4.586437071127341483e+02 3.792926455676168918e-19
4.587978976068300767e+02 3.502012543149014408e-19
4.589520513600716640e+02 3.344280871620924220e-19
4.591061682401737585e+02 3.313629747139992831e-19
4.592602481148510947e+02 3.407133790979538350e-19
4.594142908518186346e+02 3.591009201444856808e-19
4.595682963187909991e+02 3.784595287143781385e-19
4.597222643834832070e+02 4.011886086407300420e-19
4.598761949136099929e+02 4.259234808646247774e-19
4.600300877768862051e+02 4.504345533582752937e-19
4.601839428410265782e+02 4.656630164634613334e-19
4.603377599737459605e+02 4.717434263712719297e-19
4.604915390427593138e+02 4.638931075222991708e-19
4.606452799157812024e+02 4.419715043637386398e-19
4.607989824605267586e+02 4.205899685724501895e-19
4.609526465447104897e+02 3.980859896940847472e-19
4.611062720360474714e+02 3.767854496664833664e-19
4.612598588022523245e+02 3.521326485690485978e-19
4.614134067110400110e+02 3.274774842849507188e-19
4.615669156301252656e+02 3.082852158596525201e-19
4.617203854272229933e+02 2.974449144161823927e-19
4.618738159700478718e+02 2.948420504024502995e-19
4.620272071263148632e+02 2.999183012097583551e-19
4.621805587637387589e+02 3.185675271793346267e-19
4.623338707500342935e+02 3.639141445333909414e-19
4.624871429529163720e+02 4.314170309602715617e-19
4.626403752400998428e+02 4.955632098936615930e-19
4.627935674792994405e+02 5.457039609266041400e-19
4.629467195382300133e+02 5.658206303611775300e-19
4.630998312846064096e+02 5.595955024771978984e-19
4.632529025861433638e+02 5.449495211346379918e-19
4.634059333105557243e+02 5.149876845975270811e-19
4.635589233255585100e+02 4.837065957781068666e-19
4.637118724988662279e+02 4.500289800054239441e-19
4.638647806981938970e+02 4.268321124835915330e-19
4.640176477912563087e+02 4.180392406686920527e-19
4.641704736457682543e+02 4.051342460742983220e-19
4.643232581294445254e+02 3.922415510652791304e-19
4.644760011100000270e+02 3.726257936625664192e-19
4.646287024551494937e+02 3.435172454411844775e-19
4.647813620326077739e+02 3.150797057360691006e-19
4.649339797100896590e+02 2.869622427009838089e-19
4.650865553553100540e+02 2.560293093481020787e-19
4.652390888359837504e+02 2.266817546653593770e-19
4.653915800198254829e+02 1.994546327300243754e-19
4.655440287745502133e+02 1.809328376137318774e-19
4.656964349678726762e+02 1.752844540422736566e-19
4.658487984675076632e+02 1.809589990591598225e-19
4.660011191411700224e+02 2.014217008851829951e-19
4.661533968565745454e+02 2.346205830119758592e-19
4.663056314814361372e+02 2.765589327982553962e-19
4.664578228834695892e+02 3.261215375680128710e-19
4.666099709303896930e+02 3.677538389528423004e-19
4.667620754899112399e+02 3.892771091134718105e-19
4.669141364297490782e+02 3.968605443756118569e-19
4.670661536176181130e+02 3.861378452728275830e-19
4.672181269212330790e+02 3.712571839070135078e-19
4.673700562083087107e+02 3.608437591301432843e-19
4.675219413465599700e+02 3.526984126954566056e-19
4.676737822037016485e+02 3.429165958158069225e-19
4.678255786474485376e+02 3.309954790615429933e-19
4.679773305455154286e+02 3.131107421426062701e-19
4.681290377656172836e+02 2.924257842151403261e-19
4.682807001754687235e+02 2.732046720815834550e-19
4.684323176427847102e+02 2.612975011861493180e-19
4.685838900352800351e+02 2.501980905404032176e-19
4.687354172206694329e+02 2.406797550356103537e-19
4.688868990666678087e+02 2.341428979969896608e-19
4.690383354409899539e+02 2.238262100053902694e-19
4.691897262113507736e+02 2.120158399017720312e-19
4.693410712454649456e+02 2.027005803119722174e-19
4.694923704110473750e+02 1.964182467454757033e-19
4.696436235758129101e+02 1.993344625890000100e-19
4.697948306074762854e+02 2.096066884327099710e-19
4.699459913737522925e+02 2.236883863600897895e-19
4.700971057423559500e+02 2.332371738968542263e-19
4.702481735810018222e+02 2.354989901337213053e-19
4.703991947574049277e+02 2.317513564371216796e-19
4.705501691392800012e+02 2.235915406935875095e-19
4.707010965943418910e+02 2.137697151091279969e-19
4.708519769903053884e+02 2.087761769180828311e-19
4.710028101948852850e+02 2.105327545185405963e-19
4.711535960757965427e+02 2.157559372849924577e-19
4.713043345007537255e+02 2.286124862794112659e-19
4.714550253374719659e+02 2.426206164148389089e-19
4.716056684536657713e+02 2.560683489386236229e-19
4.717562637170502171e+02 2.651416347628667167e-19
4.719068109953399812e+02 2.687176817750804069e-19
4.720573101562500256e+02 2.669882662867160934e-19
4.722077610674949710e+02 2.620504355194326385e-19
4.723581635967897796e+02 2.536816306795523468e-19
4.725085176118491859e+02 2.460906053455483005e-19
4.726588229803880381e+02 2.414026461103903423e-19
4.728090795701212983e+02 2.425224138934140488e-19
4.729592872487635304e+02 2.555098746175161890e-19
4.731094458840296966e+02 2.898735620951459302e-19
4.732595553436346449e+02 3.364888153307963242e-19
4.734096154952931101e+02 3.937606589226067938e-19
4.735596262067199973e+02 4.475200277021998854e-19
4.737095873456300978e+02 4.726984886617803601e-19
4.738594987797382032e+02 4.810346830065519843e-19
4.740093603767590480e+02 4.701468898918195200e-19
4.741591720044077078e+02 4.532789755710984775e-19
4.743089335303987468e+02 4.487903224185424716e-19
4.744586448224471269e+02 4.536322431296700608e-19
4.746083057482675827e+02 4.525852123695906803e-19
4.747579161755750761e+02 4.474398898276087905e-19
4.749074759720842280e+02 4.339675719646129394e-19
4.750569850055100005e+02 4.098111260844856508e-19
4.752064431435671850e+02 3.793215599529506619e-19
4.753558502539705160e+02 3.504516369529547769e-19
4.755052062044350123e+02 3.198501813291450845e-19
4.756545108626752381e+02 2.947773262887838031e-19
4.758037640964062689e+02 2.826959759129619244e-19
4.759529657733427257e+02 2.692972756654625152e-19
4.761021157611995136e+02 2.586182882359278993e-19
4.762512139276914240e+02 2.488000380517825288e-19
4.764002601405333621e+02 2.406630608493742531e-19
4.765492542674400056e+02 2.352329809930551360e-19
4.766981961761262596e+02 2.283011987147021692e-19
4.768470857343069724e+02 2.240075810082144877e-19
4.769959228096968786e+02 2.192884417593558713e-19
4.771447072700108833e+02 2.188424119490033079e-19
4.772934389829637212e+02 2.200041913812341351e-19
4.774421178162702972e+02 2.222783028253767887e-19
4.775907436376454029e+02 2.227763536919566187e-19
4.777393163148038298e+02 2.184128987146924309e-19
4.778878357154604828e+02 2.125800747851373481e-19
4.780363017073299829e+02 2.071374564144919101e-19
4.781847141581274059e+02 2.089231313090325261e-19
4.783330729355673157e+02 2.172252626447444596e-19
4.784813779073647311e+02 2.292358043316435045e-19
4.786296289412344436e+02 2.406335998105666289e-19
4.787778259048912446e+02 2.522141667222002266e-19
4.789259686660499256e+02 2.733056638940231757e-19
4.790740570924253348e+02 3.003930978422797012e-19
4.792220910517322636e+02 3.307631391386327655e-19
4.793700704116855036e+02 3.579577980263811179e-19
4.795179950400000166e+02 3.664058337510348367e-19
4.796658648043904805e+02 3.587401842183552861e-19
4.798136795725717434e+02 3.384448872151033171e-19
4.799614392122587105e+02 3.140124062549328703e-19
4.801091435911660597e+02 2.930653766124542796e-19
4.802567925770087527e+02 2.802636406110202726e-19
4.804043860375015242e+02 2.741662172502216614e-19
4.805519238403592226e+02 2.702637126656593793e-19
4.806994058532966392e+02 2.679606748185658586e-19
4.808468319440285654e+02 2.740130010207249164e-19
4.809942019802700202e+02 2.823475912645927548e-19
4.811415158297355674e+02 2.862028601360392987e-19
4.812887733601401692e+02 2.860509420683268555e-19
4.814359744391986169e+02 2.706741579287919023e-19
4.815831189346257020e+02 2.506928407866175479e-19
4.817302067141362727e+02 2.293347612798745979e-19
4.818772376454451205e+02 2.076854862064612695e-19
4.820242115962670368e+02 1.919708524506522079e-19
4.821711284343169837e+02 1.821890112047000103e-19
4.823179880273097524e+02 1.743798592187446072e-19
4.824647902429599640e+02 1.661730145536446148e-19
4.826115349489826372e+02 1.509842573359426212e-19
4.827582220130925634e+02 1.340427619878351151e-19
4.829048513030044774e+02 1.205231329456649729e-19
4.830514226864332841e+02 1.117744575740869181e-19
4.831979360310937750e+02 1.093949053854100645e-19
4.833443912047007416e+02 1.081066205848270699e-19
4.834907880749689753e+02 1.086563547163323042e-19
4.836371265096134380e+02 1.133039111068759530e-19
4.837834063763488643e+02 1.214026287929278571e-19
4.839296275428899889e+02 1.339010670499910071e-19
4.840757898769517737e+02 1.471669506353519288e-19
4.842218932462489533e+02 1.580717721789285404e-19
4.843679375184963760e+02 1.670185774955808055e-19
4.845139225614088900e+02 1.721292677146370676e-19
4.846598482427012300e+02 1.747480207849019436e-19
4.848057144300883010e+02 1.778861437737750492e-19
4.849515209912848945e+02 1.769863033157232302e-19
4.850972677940058020e+02 1.780886138233900289e-19
4.852429547059659285e+02 1.784197279038848196e-19
4.853885815948800087e+02 1.758013498690379012e-19
4.855341483284628907e+02 1.751475932215084365e-19
4.856796547744293662e+02 1.736504783340886943e-19
4.858251008004943401e+02 1.688991836094303249e-19
4.859704862743724334e+02 1.610589380270541737e-19
4.861158110637787217e+02 1.517097895579502492e-19
4.862610750364278829e+02 1.399094674444933145e-19
4.864062780600348219e+02 1.328325222888311353e-19
4.865514200023142735e+02 1.313684532368271222e-19
4.866965007309810289e+02 1.283016863129488827e-19
4.868415201137500503e+02 1.262669751803688779e-19
4.869864780183359585e+02 1.246735117377714436e-19
4.871313743124538291e+02 1.280629602457987516e-19
4.872762088638181694e+02 1.393075792149457324e-19
4.874209815401440551e+02 1.565886369171050188e-19
4.875656922091462206e+02 1.767618892181246088e-19
4.877103407385395144e+02 1.998547867107258072e-19
4.878549269960387278e+02 2.363442938833904866e-19
4.879994508493586522e+02 2.808550589506913464e-19
4.881439121662141361e+02 3.283875268870276673e-19
4.882883108143199706e+02 3.811023467862248980e-19
4.884326466613910611e+02 4.196511875070764590e-19
4.885769195751421421e+02 4.372914152084876749e-19
4.887211294232880618e+02 4.351397173578722715e-19
4.888652760735436686e+02 4.187109266119198126e-19
4.890093593936236971e+02 3.915808067617051424e-19
4.891533792512431091e+02 3.657541211036140243e-19
4.892973355141166394e+02 3.457203554815550190e-19
4.894412280499590793e+02 3.208512045640832871e-19
4.895850567264851634e+02 2.893692315347417950e-19
4.897288214114100242e+02 2.649334237461435579e-19
4.898725219724481690e+02 2.462070840094047160e-19
4.900161582773145597e+02 2.286277021539768034e-19
4.901597301937239877e+02 2.143085118703536599e-19
4.903032375893912445e+02 1.981918403028447190e-19
4.904466803320312920e+02 1.778458392582138370e-19
4.905900582893586943e+02 1.572927438899000774e-19
4.907333713290885271e+02 1.372941875903234711e-19
4.908766193189354112e+02 1.191401885753181950e-19
4.910198021266143087e+02 1.030481730401960706e-19
4.911629196198399541e+02 9.448270021744771098e-20
4.913059716663272525e+02 9.427475808387714101e-20
4.914489581337909385e+02 1.018693383091635799e-19
4.915918788899459173e+02 1.165865584454892433e-19
4.917347338025068666e+02 1.304437049739514773e-19
4.918775227391886915e+02 1.382852837697493768e-19
4.920202455677063540e+02 1.345620479897121522e-19
4.921629021557744181e+02 1.263331675312238872e-19
4.923054923711078459e+02 1.183867264436679542e-19
4.924480160814214287e+02 1.150914855705809914e-19
4.925904731544300148e+02 1.209330355287256953e-19
4.927328634578483388e+02 1.328479971704497439e-19
4.928751868593913628e+02 1.499246952187894350e-19
4.930174432267738212e+02 1.689464148251214867e-19
4.931596324277104486e+02 1.875809998742422873e-19
4.933017543299162639e+02 2.003234122870405765e-19
4.934438088011058881e+02 2.072652956480389412e-19
4.935857957089943397e+02 2.151361973446878839e-19
4.937277149212962399e+02 2.199555689865791538e-19
4.938695663057265506e+02 2.340057767569967675e-19
4.940113497299999494e+02 2.507994959867221444e-19
4.941530650618314553e+02 2.652222846321768982e-19
4.942947121689357459e+02 2.848792247862423200e-19
4.944362909190276696e+02 2.905244204646458435e-19
4.945778011798221314e+02 2.874966704275135914e-19
4.947192428190336955e+02 2.788984153729823053e-19
4.948606157043775511e+02 2.576891927286964840e-19
4.950019197035682055e+02 2.410073187636877073e-19
4.951431546843206206e+02 2.330263029949471535e-19
4.952843205143495879e+02 2.298863091326728512e-19
4.954254170613700126e+02 2.313088227725127212e-19
4.955664441930965154e+02 2.337998753200884238e-19
4.957074017772440584e+02 2.385559837749331105e-19
4.958482896815276035e+02 2.414731234915522047e-19
4.959891077736616580e+02 2.424598184090130061e-19
4.961298559213612975e+02 2.412580346035177593e-19
4.962705339923411429e+02 2.392064787367474832e-19
4.964111418543161562e+02 2.324109379181942777e-19
4.965516793750010720e+02 2.228910331259277775e-19
4.966921464221107954e+02 2.075169160115560452e-19
4.968325428633599472e+02 1.844469697359842844e-19
4.969728685664636600e+02 1.621652078946608721e-19
4.971131233991366116e+02 1.417734650538447717e-19
4.972533072290934228e+02 1.234018692354314145e-19
4.973934199240492831e+02 1.075348323564458024e-19
4.975334613517186995e+02 9.804432466951975482e-20
4.976734313798167477e+02 9.111041924349002727e-20
4.978133298760579919e+02 8.343248868807837237e-20
4.979531567081573940e+02 7.566539567484065659e-20
4.980929117438298022e+02 6.495425668616524505e-20
4.982325948507899511e+02 5.434264442787776510e-20
4.983722058967528596e+02 4.771732375715021799e-20
4.985117447494329213e+02 4.297338744879222776e-20
4.986512112765453821e+02 3.948381275861913865e-20
4.987906053458049200e+02 3.612551463078241754e-20
4.989299268249262127e+02 3.150172247782741440e-20
4.990691755816243358e+02 2.476868006914386261e-20
4.992083514836139670e+02 1.658871917752201345e-20
4.993474543986098411e+02 1.153878612283287008e-20
4.994864841943268630e+02 9.768433388720924118e-21
4.996254407384800516e+02 9.475834023767081031e-21
4.997643238987838572e+02 9.481246959589606572e-21
4.999031335429533556e+02 1.003027743832391074e-20
5.000418695387032813e+02 1.115941907532560119e-20
5.001805317537484825e+02 1.418377544533618517e-20
5.003191200558037508e+02 1.780477749423074070e-20
5.004576343125839344e+02 2.254738424131135473e-20
5.005960743918038247e+02 2.971707431667449697e-20
5.007344401611782132e+02 3.926215225706647977e-20
5.008727314884220050e+02 4.635434200612779990e-20
5.010109482412499347e+02 5.007816429753611829e-20
5.011490902873769642e+02 4.926067798839387515e-20
5.012871574945177144e+02 4.711597187618677397e-20
5.014251497303872043e+02 4.956565153235589908e-20
5.015630668627001114e+02 5.660244653064575372e-20
5.017009087591712273e+02 6.695944691855022454e-20
5.018386752875155139e+02 8.167094424165770561e-20
5.019763663154477058e+02 1.006725284492896815e-19
5.021139817106826513e+02 1.213093606715892297e-19
5.022515213409351418e+02 1.444512061169068136e-19
5.023889850739200256e+02 1.681556021708379974e-19
5.025263727773520372e+02 1.883579622220328919e-19
5.026636843189461388e+02 1.958099852244021648e-19
5.028009195664171216e+02 1.886702473910671796e-19
5.029380783874796634e+02 1.723665337372183797e-19
5.030751606498487831e+02 1.464000995567650876e-19
5.032121662212391584e+02 1.281250983137710522e-19
5.033490949693655807e+02 1.178001138110670057e-19
5.034859467619430120e+02 1.086077277736316519e-19
5.036227214666861869e+02 1.089162806323128355e-19
5.037594189513099536e+02 1.149469020468815992e-19
5.038960390835291037e+02 1.309801053380561732e-19
5.040325817310585421e+02 1.555160739891964170e-19
5.041690467616130036e+02 1.842232590143466786e-19
5.043054340429072795e+02 2.192838301102270007e-19
5.044417434426562181e+02 2.442067772946317101e-19
5.045779748285747246e+02 2.561751308055008288e-19
5.047141280683774767e+02 2.576179151924413759e-19
5.048502030297794363e+02 2.436664110189547778e-19
5.049861995804952812e+02 2.223336349689578610e-19
5.051221175882400303e+02 2.016399940079977386e-19
5.052579569207283043e+02 1.792984813574885443e-19
5.053937174456749517e+02 1.533522801904114163e-19
5.055293990307948775e+02 1.370027323510726606e-19
5.056650015438028731e+02 1.263894274658791220e-19
5.058005248524137869e+02 1.209993040715943314e-19
5.059359688243422397e+02 1.213194952069157304e-19
5.060713333273033641e+02 1.192828034341413297e-19
5.062066182290118377e+02 1.175546515298713973e-19
5.063418233971824520e+02 1.155308771016516040e-19
5.064769486995299985e+02 1.095782938006761450e-19
5.066119940037693254e+02 1.040164085186458008e-19
5.067469591776153948e+02 9.478560463112010397e-20
5.068818440887827705e+02 8.096834995870266253e-20
5.070166486049865284e+02 6.829303126640816480e-20
5.071513725939411756e+02 5.659944279686359070e-20
5.072860159233618447e+02 4.661798029020255724e-20
5.074205784609633838e+02 4.383738492575260330e-20
5.075550600744601866e+02 4.513190015486985526e-20
5.076894606315674991e+02 4.968388585791223075e-20
5.078237799999999993e+02 5.600917519267722417e-20
5.079580180474724784e+02 6.408734246751983255e-20
5.080921746416997280e+02 7.625254892019781452e-20
5.082262496503967100e+02 8.697636946487695592e-20
5.083602429412780452e+02 9.735292556270442939e-20
5.084941543820588095e+02 1.056255575863454721e-19
5.086279838404535099e+02 1.114970612553909405e-19
5.087617311841771652e+02 1.225071428338705784e-19
5.088953962809446239e+02 1.345813334334242932e-19
5.090289789984705635e+02 1.441188351502664874e-19
5.091624792044700598e+02 1.514885379954728639e-19
5.092958967666575063e+02 1.623232300873197545e-19
5.094292315527482629e+02 1.728748973037321480e-19
5.095624834304566093e+02 1.785547569125233667e-19
5.096956522674977350e+02 1.779924969612321172e-19
5.098287379315862040e+02 1.659952929391785280e-19
5.099617402904371488e+02 1.553432973845975522e-19
5.100946592117650766e+02 1.482290908237512239e-19
5.102274945632849494e+02 1.439090721424476627e-19
5.103602462127117292e+02 1.405286212354431962e-19
5.104929140277599799e+02 1.372455976200290063e-19
5.106254978761447205e+02 1.284251462776219908e-19
5.107579976255805150e+02 9.444955712001798113e-20
5.108904131437824390e+02 3.872402425220124460e-20
5.110227442984652271e+02 -2.500488052686869296e-20
