3.550815825600624862e+02
3.552311159520597812e+02
3.553807000437066677e+02
3.555303347027181076e+02
3.556800197968087218e+02
3.558297551936934724e+02
3.559795407610871507e+02
3.561293763667046051e+02
3.562792618782606269e+02
3.564291971634699507e+02
3.565791820900475955e+02
3.567292165257081820e+02
3.568793003381666153e+02
3.570294333951376302e+02
3.571796155643362454e+02
3.573298467134771386e+02
3.574801267102751012e+02
3.576304554224449817e+02
3.577808327177017418e+02
3.579312584637600025e+02
3.580817325283347259e+02
3.582322547791405327e+02
3.583828250838924419e+02
3.585334433103052447e+02
3.586841093260937328e+02
3.588348229989726974e+02
3.589855841966570438e+02
3.591363927868614496e+02
3.592872486373008201e+02
3.594381516156900034e+02
3.595891015897437342e+02
3.597400984271769175e+02
3.598911419957044018e+02
3.600422321630408646e+02
3.601933687969012112e+02
3.603445517650003467e+02
3.604957809350528919e+02
3.606470561747738657e+02
3.607983773518779458e+02
3.609497443340799805e+02
3.611011569890948749e+02
3.612526151846373068e+02
3.614041187884222950e+02
3.615556676681644603e+02
3.617072616915787648e+02
3.618589007263799431e+02
3.620105846402828433e+02
3.621623133010022570e+02
3.623140865762529756e+02
3.624659043337500179e+02
3.626177664412079480e+02
3.627696727663417278e+02
3.629216231768661487e+02
3.630736175404960591e+02
3.632256557249462503e+02
3.633777375979315707e+02
3.635298630271667548e+02
3.636820318803665941e+02
3.638342440252461074e+02
3.639864993295199724e+02
3.641387976609030375e+02
3.642911388871101508e+02
3.644435228758560470e+02
3.645959494948556880e+02
3.647484186118237517e+02
3.649009300944751431e+02
3.650534838105245967e+02
3.652060796276870178e+02
3.653587174136771978e+02
3.655113970362099849e+02
3.656641183630001706e+02
3.658168812617625463e+02
3.659696856002119603e+02
3.661225312460632608e+02
3.662754180670312394e+02
3.664283459308306874e+02
3.665813147051765100e+02
3.667343242577833848e+02
3.668873744563662740e+02
3.670404651686399689e+02
3.671935962623192609e+02
3.673467676051189983e+02
3.674999790647538589e+02
3.676532305089388615e+02
3.678065218053887406e+02
3.679598528218182878e+02
3.681132234259424081e+02
3.682666334854758361e+02
3.684200828681334201e+02
3.685735714416300084e+02
3.687270990736803924e+02
3.688806656319993635e+02
3.690342709843017701e+02
3.691879149983024604e+02
3.693415975417162258e+02
3.694953184822579146e+02
3.696490776876422615e+02
3.698028750255842283e+02
3.699567103637985497e+02
3.701105835700000171e+02
3.702644945119035356e+02
3.704184430572237261e+02
3.705724290736756643e+02
3.707264524289740848e+02
3.708805129908337221e+02
3.710346106269694815e+02
3.711887452050962111e+02
3.713429165929286455e+02
3.714971246581816331e+02
3.716513692685700221e+02
3.718056502918085471e+02
3.719599675956121132e+02
3.721143210476955687e+02
3.722687105157736482e+02
3.724231358675612569e+02
3.725775969707731292e+02
3.727320936931241135e+02
3.728866259023290581e+02
3.730411934661027544e+02
3.731957962521599939e+02
3.733504341282156247e+02
3.735051069619845521e+02
3.736598146211814537e+02
3.738145569735212916e+02
3.739693338867187435e+02
3.741241452284887146e+02
3.742789908665460530e+02
3.744338706686054365e+02
3.745887845023818272e+02
3.747437322355899596e+02
3.748987137359447388e+02
3.750537288711609563e+02
3.752087775089533466e+02
3.753638595170368717e+02
3.755189747631262662e+02
3.756741231149363216e+02
3.758293044401819429e+02
3.759845186065778080e+02
3.761397654818389356e+02
3.762950449336800034e+02
3.764503568298158598e+02
3.766057010379613530e+02
3.767610774258312745e+02
3.769164858611405293e+02
3.770719262116037953e+02
3.772273983449359207e+02
3.773829021288518106e+02
3.775384374310661997e+02
3.776940041192940498e+02
3.778496020612499819e+02
3.780052311246489580e+02
3.781608911772057695e+02
3.783165820866352078e+02
3.784723037206521212e+02
3.786280559469712443e+02
3.787838386333074823e+02
3.789396516473756833e+02
3.790954948568906389e+02
3.792513681295671404e+02
3.794072713331199793e+02
3.795632043352640608e+02
3.797191670037141762e+02
3.798751592061851170e+02
3.800311808103916178e+02
3.801872316840486974e+02
3.803433116948710904e+02
3.804994207105735882e+02
3.806555585988710391e+02
3.808117252274782345e+02
3.809679204641099659e+02
3.811241441764811952e+02
3.812803962323065434e+02
3.814366764993009724e+02
3.815929848451792168e+02
3.817493211376562385e+02
3.819056852444467154e+02
3.820620770332655525e+02
3.822184963718274844e+02
3.823749431278473594e+02
3.825314171690399689e+02
3.826879183631202181e+02
3.828444465778029553e+02
3.830010016808028581e+02
3.831575835398348318e+02
3.833141920226137245e+02
3.834708269968543277e+02
3.836274883302714329e+02
3.837841758905798883e+02
3.839408895454944286e+02
3.840976291627299588e+02
3.842543946100013272e+02
3.844111857550233253e+02
3.845680024655107445e+02
3.847248446091784899e+02
3.848817120537412393e+02
3.850386046669139546e+02
3.851955223164113136e+02
3.853524648699482213e+02
3.855094321952394694e+02
3.856664241599999627e+02
3.858234406319444929e+02
3.859804814787877376e+02
3.861375465682446588e+02
3.862946357680301048e+02
3.864517489458587534e+02
3.866088859694455095e+02
3.867660467065052217e+02
3.869232310247526243e+02
3.870804387919026226e+02
3.872376698756699511e+02
3.873949241437695719e+02
3.875522014639161625e+02
3.877095017038245715e+02
3.878668247312097037e+02
3.880241704137862939e+02
3.881815386192691335e+02
3.883389292153730707e+02
3.884963420698130108e+02
3.886537770503036882e+02
3.888112340245600080e+02
3.889687128602966482e+02
3.891262134252285705e+02
3.892837355870705096e+02
3.894412792135372570e+02
3.895988441723437745e+02
3.897564303312046832e+02
3.899140375578350017e+02
3.900716657199494080e+02
3.902293146852628070e+02
3.903869843214899902e+02
3.905446744963457490e+02
3.907023850775449887e+02
3.908601159328023869e+02
3.910178669298329055e+02
3.911756379363512224e+02
3.913334288200722995e+02
3.914912394487109282e+02
3.916490696899818431e+02
3.918069194115998926e+02
3.919647884812799816e+02
3.921226767667369018e+02
3.922805841356853875e+02
3.924385104558402872e+02
3.925964555949165060e+02
3.927544194206287784e+02
3.929124018006918959e+02
3.930704026028208204e+02
3.932284216947302866e+02
3.933864589441350290e+02
3.935445142187500096e+02
3.937025873862899630e+02
3.938606783144697943e+02
3.940187868710041812e+02
3.941769129236080289e+02
3.943350563399962425e+02
3.944932169878834998e+02
3.946513947349847058e+02
3.948095894490146520e+02
3.949678009976881299e+02
3.951260292487199877e+02
3.952842740698250168e+02
3.954425353287181224e+02
3.956008128931140959e+02
3.957591066307276719e+02
3.959174164092737556e+02
3.960757420964671383e+02
3.962340835600226683e+02
3.963924406676550802e+02
3.965508132870791655e+02
3.967092012860099999e+02
3.968676045321621473e+02
3.970260228932505129e+02
3.971844562369899450e+02
3.973429044310952918e+02
3.975013673432812311e+02
3.976598448412627249e+02
3.978183367927545646e+02
3.979768430654714280e+02
3.981353635271282769e+02
3.982938980454399598e+02
3.984524464881212680e+02
3.986110087228869361e+02
3.987695846174518692e+02
3.989281740395308589e+02
3.990867768568387532e+02
3.992453929370903438e+02
3.994040221480003652e+02
3.995626643572838361e+02
3.997213194326553776e+02
3.998799872418299515e+02
4.000386676525223493e+02
4.001973605324473624e+02
4.003560657493197823e+02
4.005147831708544572e+02
4.006735126647662923e+02
4.008322540987698517e+02
4.009910073405802677e+02
4.011497722579122183e+02
4.013085487184804947e+02
4.014673365900000022e+02
4.016261357401854752e+02
4.017849460367517622e+02
4.019437673474137114e+02
4.021025995398861141e+02
4.022614424818837620e+02
4.024202960411215031e+02
4.025791600853141858e+02
4.027380344821766016e+02
4.028969190994236556e+02
4.030558138047700254e+02
4.032147184659306163e+02
4.033736329506201628e+02
4.035325571265536269e+02
4.036914908614456863e+02
4.038504340230112462e+02
4.040093864789650979e+02
4.041683480970220899e+02
4.043273187448970134e+02
4.044862982903047168e+02
4.046452866009600484e+02
4.048042835445776859e+02
4.049632889888725344e+02
4.051223028015594991e+02
4.052813248503532577e+02
4.054403550029687153e+02
4.055993931271207202e+02
4.057584390905240070e+02
4.059174927608934240e+02
4.060765540059438194e+02
4.062356226933899848e+02
4.063946986909467682e+02
4.065537818663289045e+02
4.067128720872513554e+02
4.068719692214288557e+02
4.070310731365762535e+02
4.071901837004083404e+02
4.073493007806399078e+02
4.075084242449858607e+02
4.076675539611609338e+02
4.078266897968800322e+02
4.079858316198578336e+02
4.081449792978093569e+02
4.083041326984492798e+02
4.084632916894925074e+02
4.086224561386537744e+02
4.087816259136479289e+02
4.089408008821898193e+02
4.090999809119942370e+02
4.092591658707760303e+02
4.094183556262499337e+02
4.095775500461309093e+02
4.097367489981337485e+02
4.098959523499731858e+02
4.100551599693640696e+02
4.102143717240213050e+02
4.103735874816595697e+02
4.105328071099937119e+02
4.106920304767386938e+02
4.108512574496090792e+02
4.110104878963200008e+02
4.111697216845860225e+02
4.113289586821221064e+02
4.114881987566431008e+02
4.116474417758637401e+02
4.118066876074987590e+02
4.119659361192630627e+02
4.121251871788715562e+02
4.122844406540390310e+02
4.124436964124802216e+02
4.126029543219099764e+02
4.127622142500431437e+02
4.129214760645945717e+02
4.130807396332789949e+02
4.132400048238113186e+02
4.133992715039062205e+02
4.135585395412786625e+02
4.137178088036434929e+02
4.138770791587154463e+02
4.140363504742093710e+02
4.141956226178400016e+02
4.143548954573222431e+02
4.145141688603710008e+02
4.146734426947008956e+02
4.148327168280268893e+02
4.149919911280637166e+02
4.151512654625262826e+02
4.153105396991294356e+02
4.154698137055878533e+02
4.156290873496164409e+02
4.157883604989299897e+02
4.159476330212434050e+02
4.161069047842714212e+02
4.162661756557287731e+02
4.164254455033304794e+02
4.165847141947912178e+02
4.167439815978258935e+02
4.169032475801492978e+02
4.170625120094762792e+02
4.172217747535215153e+02
4.173810356800000250e+02
4.175402946566264859e+02
4.176995515511156896e+02
4.178588062311826548e+02
4.180180585645420592e+02
4.181773084189087513e+02
4.183365556619975223e+02
4.184958001615232206e+02
4.186550417852006376e+02
4.188142804007446216e+02
4.189735158758700209e+02
4.191327480782915131e+02
4.192919768757241172e+02
4.194512021358825677e+02
4.196104237264816561e+02
4.197696415152362306e+02
4.199288553698611395e+02
4.200880651580711174e+02
4.202472707475810694e+02
4.204064720061057301e+02
4.205656688013600046e+02
4.207248610010586276e+02
4.208840484729165041e+02
4.210432310846484825e+02
4.212024087039692404e+02
4.213615811985937398e+02
4.215207484362367154e+02
4.216799102846130154e+02
4.218390666114374312e+02
4.219982172844248112e+02
4.221573621712899467e+02
4.223165011397477429e+02
4.224756340575129911e+02
4.226347607923003693e+02
4.227938812118248393e+02
4.229529951838013062e+02
4.231121025759442773e+02
4.232712032559689419e+02
4.234302970915898072e+02
4.235893839505218921e+02
4.237484637004799879e+02
4.239075362091788861e+02
4.240666013443333782e+02
4.242256589736583123e+02
4.243847089648685369e+02
4.245437511856786728e+02
4.247027855038039661e+02
4.248618117869587536e+02
4.250208299028582246e+02
4.251798397192170000e+02
4.253388411037499850e+02
4.254978339241719709e+02
4.256568180481978061e+02
4.258157933435421683e+02
4.259747596779200762e+02
4.261337169190463214e+02
4.262926649346355248e+02
4.264516035924027051e+02
4.266105327600625969e+02
4.267694523053301623e+02
4.269283620959199652e+02
4.270872619995470814e+02
4.272461518839261885e+02
4.274050316167720780e+02
4.275639010657997119e+02
4.277227600987237111e+02
4.278816085832591511e+02
4.280404463871205962e+02
4.281992733780230083e+02
4.283580894236812355e+02
4.285168943918100126e+02
4.286756881501241878e+02
4.288344705663384957e+02
4.289932415081680119e+02
4.291520008433272437e+02
4.293107484395312099e+02
4.294694841644947019e+02
4.296282078859325111e+02
4.297869194715594858e+02
4.299456187890903038e+02
4.301043057062400408e+02
4.302629800907232607e+02
4.304216418102549824e+02
4.305802907325498836e+02
4.307389267253228695e+02
4.308975496562887315e+02
4.310561593931623179e+02
4.312147558036584201e+02
4.313733387554918295e+02
4.315319081163774513e+02
4.316904637540299632e+02
4.318490055361644409e+02
4.320075333304953347e+02
4.321660470047377771e+02
4.323245464266065028e+02
4.324830314638162463e+02
4.326415019840819127e+02
4.327999578551183504e+02
4.329583989446402938e+02
4.331168251203624777e+02
4.332752362499999776e+02
4.334336322012674714e+02
4.335920128418797503e+02
4.337503780395516628e+02
4.339087276619980571e+02
4.340670615769337815e+02
4.342253796520735136e+02
4.343836817551322724e+02
4.345419677538246219e+02
4.347002375158656378e+02
4.348584909089699977e+02
4.350167278008525500e+02
4.351749480592281998e+02
4.353331515518115680e+02
4.354913381463176734e+02
4.356495077104612506e+02
4.358076601119571478e+02
4.359657952185200998e+02
4.361239128978650115e+02
4.362820130177067313e+02
4.364400954457599937e+02
4.365981600497397039e+02
4.367562066973605965e+02
4.369142352563375198e+02
4.370722455943852651e+02
4.372302375792187945e+02
4.373882110785526720e+02
4.375461659601020301e+02
4.377041020915814329e+02
4.378620193407058423e+02
4.380199175751899929e+02
4.381777966627487899e+02
4.383356564710970247e+02
4.384934968679493750e+02
4.386513177210209165e+02
4.388091188980262132e+02
4.389669002666802839e+02
4.391246616946979202e+02
4.392824030497937997e+02
4.394401241996829413e+02
4.395978250120800226e+02
4.397555053546998920e+02
4.399131650952572841e+02
4.400708041014673313e+02
4.402284222410444841e+02
4.403860193817037043e+02
4.405435953911599540e+02
4.407011501371277973e+02
4.408586834873222529e+02
4.410161953094580554e+02
4.411736854712500531e+02
4.413311538404129237e+02
4.414886002846617998e+02
4.416460246717111318e+02
4.418034268692760520e+02
4.419608067450712383e+02
4.421181641668114821e+02
4.422754990022117454e+02
4.424328111189866490e+02
4.425901003848511550e+02
4.427473666675199411e+02
4.429046098347080829e+02
4.430618297541301445e+02
4.432190262935010878e+02
4.433761993205357044e+02
4.435333487029487287e+02
4.436904743084551228e+02
4.438475760047696212e+02
4.440046536596070723e+02
4.441617071406822106e+02
4.443187363157099981e+02
4.444757410524051693e+02
4.446327212184825157e+02
4.447896766816569993e+02
4.449466073096432979e+02
4.451035129701562596e+02
4.452603935309107328e+02
4.454172488596215089e+02
4.455740788240034362e+02
4.457308832917713630e+02
4.458876621306400239e+02
4.460444152083242670e+02
4.462011423925389977e+02
4.463578435509988935e+02
4.465145185514188597e+02
4.466711672615137445e+02
4.468277895489983393e+02
4.469843852815873788e+02
4.471409543269958817e+02
4.472974965529384122e+02
4.474540118271299889e+02
4.476105000172853465e+02
4.477669609911193902e+02
4.479233946163467976e+02
4.480798007606824740e+02
4.482361792918412675e+02
4.483925300775379128e+02
4.485488529854872581e+02
4.487051478834042086e+02
4.488614146390034989e+02
4.490176531199999772e+02
4.491738631941084350e+02
4.493300447290437205e+02
4.494861975925206821e+02
4.496423216522541111e+02
4.497984167759586853e+02
4.499544828313494804e+02
4.501105196861412310e+02
4.502665272080486716e+02
4.504225052647865937e+02
4.505784537240700161e+02
4.507343724536136165e+02
4.508902613211321864e+02
4.510461201943405740e+02
4.512019489409536277e+02
4.513577474286861957e+02
4.515135155252531263e+02
4.516692530983690972e+02
4.518249600157490136e+02
4.519806361451077805e+02
4.521362813541600190e+02
4.522918955106206909e+02
4.524474784822045876e+02
4.526030301366264439e+02
4.527585503416012784e+02
4.529140389648437122e+02
4.530694958740687639e+02
4.532249209369910545e+02
4.533803140213254892e+02
4.535356749947868025e+02
4.536910037250900132e+02
4.538463000799497991e+02
4.540015639270809515e+02
4.541567951341983758e+02
4.543119935690168631e+02
4.544671590992512620e+02
4.546222915926163068e+02
4.547773909168269029e+02
4.549324569395978415e+02
4.550874895286438573e+02
4.552424885516800259e+02
4.553974538764207978e+02
4.555523853705813053e+02
4.557072829018762832e+02
4.558621463380204659e+02
4.560169755467287587e+02
4.561717703957158960e+02
4.563265307526968400e+02
4.564812564853862114e+02
4.566359474614990859e+02
4.567906035487500276e+02
4.569452246148539416e+02
4.570998105275257331e+02
4.572543611544801365e+02
4.574088763634320571e+02
4.575633560220962295e+02
4.577177999981875018e+02
4.578722081594206657e+02
4.580265803735106829e+02
4.581809165081720607e+02
4.583352164311199317e+02
4.584894800100690304e+02
4.586437071127341483e+02
4.587978976068300767e+02
4.589520513600716640e+02
4.591061682401737585e+02
4.592602481148510947e+02
4.594142908518186346e+02
4.595682963187909991e+02
4.597222643834832070e+02
4.598761949136099929e+02
4.600300877768862051e+02
4.601839428410265782e+02
4.603377599737459605e+02
4.604915390427593138e+02
4.606452799157812024e+02
4.607989824605267586e+02
4.609526465447104897e+02
4.611062720360474714e+02
4.612598588022523245e+02
4.614134067110400110e+02
4.615669156301252656e+02
4.617203854272229933e+02
4.618738159700478718e+02
4.620272071263148632e+02
4.621805587637387589e+02
4.623338707500342935e+02
4.624871429529163720e+02
4.626403752400998428e+02
4.627935674792994405e+02
4.629467195382300133e+02
4.630998312846064096e+02
4.632529025861433638e+02
4.634059333105557243e+02
4.635589233255585100e+02
4.637118724988662279e+02
4.638647806981938970e+02
4.640176477912563087e+02
4.641704736457682543e+02
4.643232581294445254e+02
4.644760011100000270e+02
4.646287024551494937e+02
4.647813620326077739e+02
4.649339797100896590e+02
4.650865553553100540e+02
4.652390888359837504e+02
4.653915800198254829e+02
4.655440287745502133e+02
4.656964349678726762e+02
4.658487984675076632e+02
4.660011191411700224e+02
4.661533968565745454e+02
4.663056314814361372e+02
4.664578228834695892e+02
4.666099709303896930e+02
4.667620754899112399e+02
4.669141364297490782e+02
4.670661536176181130e+02
4.672181269212330790e+02
4.673700562083087107e+02
4.675219413465599700e+02
4.676737822037016485e+02
4.678255786474485376e+02
4.679773305455154286e+02
4.681290377656172836e+02
4.682807001754687235e+02
4.684323176427847102e+02
4.685838900352800351e+02
4.687354172206694329e+02
4.688868990666678087e+02
4.690383354409899539e+02
4.691897262113507736e+02
4.693410712454649456e+02
4.694923704110473750e+02
4.696436235758129101e+02
4.697948306074762854e+02
4.699459913737522925e+02
4.700971057423559500e+02
4.702481735810018222e+02
4.703991947574049277e+02
4.705501691392800012e+02
4.707010965943418910e+02
4.708519769903053884e+02
4.710028101948852850e+02
4.711535960757965427e+02
4.713043345007537255e+02
4.714550253374719659e+02
4.716056684536657713e+02
4.717562637170502171e+02
4.719068109953399812e+02
4.720573101562500256e+02
4.722077610674949710e+02
4.723581635967897796e+02
4.725085176118491859e+02
4.726588229803880381e+02
4.728090795701212983e+02
4.729592872487635304e+02
4.731094458840296966e+02
4.732595553436346449e+02
4.734096154952931101e+02
4.735596262067199973e+02
4.737095873456300978e+02
4.738594987797382032e+02
4.740093603767590480e+02
4.741591720044077078e+02
4.743089335303987468e+02
4.744586448224471269e+02
4.746083057482675827e+02
4.747579161755750761e+02
4.749074759720842280e+02
4.750569850055100005e+02
4.752064431435671850e+02
4.753558502539705160e+02
4.755052062044350123e+02
4.756545108626752381e+02
4.758037640964062689e+02
4.759529657733427257e+02
4.761021157611995136e+02
4.762512139276914240e+02
4.764002601405333621e+02
4.765492542674400056e+02
4.766981961761262596e+02
4.768470857343069724e+02
4.769959228096968786e+02
4.771447072700108833e+02
4.772934389829637212e+02
4.774421178162702972e+02
4.775907436376454029e+02
4.777393163148038298e+02
4.778878357154604828e+02
4.780363017073299829e+02
4.781847141581274059e+02
4.783330729355673157e+02
4.784813779073647311e+02
4.786296289412344436e+02
4.787778259048912446e+02
4.789259686660499256e+02
4.790740570924253348e+02
4.792220910517322636e+02
4.793700704116855036e+02
4.795179950400000166e+02
4.796658648043904805e+02
4.798136795725717434e+02
4.799614392122587105e+02
4.801091435911660597e+02
4.802567925770087527e+02
4.804043860375015242e+02
4.805519238403592226e+02
4.806994058532966392e+02
4.808468319440285654e+02
4.809942019802700202e+02
4.811415158297355674e+02
4.812887733601401692e+02
4.814359744391986169e+02
4.815831189346257020e+02
4.817302067141362727e+02
4.818772376454451205e+02
4.820242115962670368e+02
4.821711284343169837e+02
4.823179880273097524e+02
4.824647902429599640e+02
4.826115349489826372e+02
4.827582220130925634e+02
4.829048513030044774e+02
4.830514226864332841e+02
4.831979360310937750e+02
4.833443912047007416e+02
4.834907880749689753e+02
4.836371265096134380e+02
4.837834063763488643e+02
4.839296275428899889e+02
4.840757898769517737e+02
4.842218932462489533e+02
4.843679375184963760e+02
4.845139225614088900e+02
4.846598482427012300e+02
4.848057144300883010e+02
4.849515209912848945e+02
4.850972677940058020e+02
4.852429547059659285e+02
4.853885815948800087e+02
4.855341483284628907e+02
4.856796547744293662e+02
4.858251008004943401e+02
4.859704862743724334e+02
4.861158110637787217e+02
4.862610750364278829e+02
4.864062780600348219e+02
4.865514200023142735e+02
4.866965007309810289e+02
4.868415201137500503e+02
4.869864780183359585e+02
4.871313743124538291e+02
4.872762088638181694e+02
4.874209815401440551e+02
4.875656922091462206e+02
4.877103407385395144e+02
4.878549269960387278e+02
4.879994508493586522e+02
4.881439121662141361e+02
4.882883108143199706e+02
4.884326466613910611e+02
4.885769195751421421e+02
4.887211294232880618e+02
4.888652760735436686e+02
4.890093593936236971e+02
4.891533792512431091e+02
4.892973355141166394e+02
4.894412280499590793e+02
4.895850567264851634e+02
4.897288214114100242e+02
4.898725219724481690e+02
4.900161582773145597e+02
4.901597301937239877e+02
4.903032375893912445e+02
4.904466803320312920e+02
4.905900582893586943e+02
4.907333713290885271e+02
4.908766193189354112e+02
4.910198021266143087e+02
4.911629196198399541e+02
4.913059716663272525e+02
4.914489581337909385e+02
4.915918788899459173e+02
4.917347338025068666e+02
4.918775227391886915e+02
4.920202455677063540e+02
4.921629021557744181e+02
4.923054923711078459e+02
4.924480160814214287e+02
4.925904731544300148e+02
4.927328634578483388e+02
4.928751868593913628e+02
4.930174432267738212e+02
4.931596324277104486e+02
4.933017543299162639e+02
4.934438088011058881e+02
4.935857957089943397e+02
4.937277149212962399e+02
4.938695663057265506e+02
4.940113497299999494e+02
4.941530650618314553e+02
4.942947121689357459e+02
4.944362909190276696e+02
4.945778011798221314e+02
4.947192428190336955e+02
4.948606157043775511e+02
4.950019197035682055e+02
4.951431546843206206e+02
4.952843205143495879e+02
4.954254170613700126e+02
4.955664441930965154e+02
4.957074017772440584e+02
4.958482896815276035e+02
4.959891077736616580e+02
4.961298559213612975e+02
4.962705339923411429e+02
4.964111418543161562e+02
4.965516793750010720e+02
4.966921464221107954e+02
4.968325428633599472e+02
4.969728685664636600e+02
4.971131233991366116e+02
4.972533072290934228e+02
4.973934199240492831e+02
4.975334613517186995e+02
4.976734313798167477e+02
4.978133298760579919e+02
4.979531567081573940e+02
4.980929117438298022e+02
4.982325948507899511e+02
4.983722058967528596e+02
4.985117447494329213e+02
4.986512112765453821e+02
4.987906053458049200e+02
4.989299268249262127e+02
4.990691755816243358e+02
4.992083514836139670e+02
4.993474543986098411e+02
4.994864841943268630e+02
4.996254407384800516e+02
4.997643238987838572e+02
4.999031335429533556e+02
5.000418695387032813e+02
5.001805317537484825e+02
5.003191200558037508e+02
5.004576343125839344e+02
5.005960743918038247e+02
5.007344401611782132e+02
5.008727314884220050e+02
5.010109482412499347e+02
5.011490902873769642e+02
5.012871574945177144e+02
5.014251497303872043e+02
5.015630668627001114e+02
5.017009087591712273e+02
5.018386752875155139e+02
5.019763663154477058e+02
5.021139817106826513e+02
5.022515213409351418e+02
5.023889850739200256e+02
5.025263727773520372e+02
5.026636843189461388e+02
5.028009195664171216e+02
5.029380783874796634e+02
5.030751606498487831e+02
5.032121662212391584e+02
5.033490949693655807e+02
5.034859467619430120e+02
5.036227214666861869e+02
5.037594189513099536e+02
5.038960390835291037e+02
5.040325817310585421e+02
5.041690467616130036e+02
5.043054340429072795e+02
5.044417434426562181e+02
5.045779748285747246e+02
5.047141280683774767e+02
5.048502030297794363e+02
5.049861995804952812e+02
5.051221175882400303e+02
5.052579569207283043e+02
5.053937174456749517e+02
5.055293990307948775e+02
5.056650015438028731e+02
5.058005248524137869e+02
5.059359688243422397e+02
5.060713333273033641e+02
5.062066182290118377e+02
5.063418233971824520e+02
5.064769486995299985e+02
5.066119940037693254e+02
5.067469591776153948e+02
5.068818440887827705e+02
5.070166486049865284e+02
5.071513725939411756e+02
5.072860159233618447e+02
5.074205784609633838e+02
5.075550600744601866e+02
5.076894606315674991e+02
5.078237799999999993e+02
5.079580180474724784e+02
5.080921746416997280e+02
5.082262496503967100e+02
5.083602429412780452e+02
5.084941543820588095e+02
5.086279838404535099e+02
5.087617311841771652e+02
5.088953962809446239e+02
5.090289789984705635e+02
5.091624792044700598e+02
5.092958967666575063e+02
5.094292315527482629e+02
5.095624834304566093e+02
5.096956522674977350e+02
5.098287379315862040e+02
5.099617402904371488e+02
5.100946592117650766e+02
5.102274945632849494e+02
5.103602462127117292e+02
5.104929140277599799e+02
5.106254978761447205e+02
5.107579976255805150e+02
5.108904131437824390e+02
5.110227442984652271e+02
